192214	6647	10911	37059	64121	1791	91	114	358	6275	7736	7108	401	1077	295	1715	1807	34	584	928	18488	1457	1069	2008	19748	44083	887	547	12358	315	901	732	835	6618	338	763	8139	683	454
1955	127469	2595	25364	13438	553	0	154	649	3260	24907	2027	9040	136	459	1953	4928	2257	4	596	390	344	1579	320	423	941	690	229	1485	42	485	305	326	273	758	637	6	880	458
29686	10735	52955	10842	21184	1893	206	1779	3215	6581	28432	19734	5043	369	587	3727	19902	126	371	1726	14428	3495	4284	792	27072	6048	1971	1116	5176	1429	483	2688	2406	9062	7418	3841	8554	299	1860
3623	12999	1160	44806	6681	162	0	98	208	620	5519	431	358	14	0	273	1035	4	0	102	2619	34	184	0	970	0	58	122	486	92	7	0	215	315	31	9	407	276	30
38110	8690	8078	11755	119478	1647	6	216	84	3064	3734	536	4861	387	35	1603	495	832	6	182	1710	422	474	165	2550	2671	294	209	2356	191	176	122	14	118	31	492	630	670	391
0	0	151	38	1	25502	5	1251	675	17	14	3	0	1	751	0	5	0	293	174	16	602	12	0	11	45	4007	2311	0	0	0	91	33	130	0	69	488	1	0
0	0	0	0	0	0	37907	359	30	15	0	42	0	562	48	815	0	0	3748	1889	0	0	7	39	0	0	115	636	0	2421	3204	3092	1240	7	28	0	1	279	15
1	0	20	0	0	1676	46	22784	1877	458	1	18	8	54	3055	1019	284	89	2735	719	0	124	441	8	0	17	783	1797	54	79	0	6414	529	0	38	558	25	7	90
214	33	277	360	208	4834	243	7005	19753	5828	397	379	43	316	1677	705	1174	110	1172	119	59	2240	2167	462	222	7	1825	6655	78	1015	283	1281	6054	41	645	4461	208	732	1893
106	311	160	581	1354	7	1	670	727	26746	890	616	615	29	38	85	1046	957	161	0	3	99	774	153	34	93	0	267	502	135	119	0	28	513	819	797	1	220	395
7418	59709	8028	9305	5068	2133	0	517	1722	4145	88156	13436	21916	563	434	1008	15977	1139	351	264	2369	1052	1363	427	5268	2479	603	325	4408	844	654	609	505	1388	1688	909	1670	2826	551
5470	3905	8408	4256	6595	1319	689	1162	821	8104	11438	191607	3194	467	456	3214	20902	1087	280	419	4233	1199	5359	716	7818	6164	1175	2187	21331	465	1450	917	693	13131	13315	3473	6208	1733	1731
50	26578	2799	1576	4865	625	409	186	488	4463	37980	2951	118034	340	298	442	12711	6459	142	291	735	1148	1139	1797	251	2647	403	309	709	169	1145	834	117	2072	6286	613	939	2697	803
293	396	100	14	71	1069	825	2902	1139	1216	114	162	0	124209	115	7584	296	142	591	1006	680	666	789	542	1	0	2996	6190	62	2981	2588	536	46969	48	55	9006	216	642	2718
0	0	7	0	1	1248	33	3029	93	74	0	423	0	17	18455	337	2	0	115	3027	0	0	12	166	2	0	806	262	166	0	2	523	634	84	14	44	16	705	33
880	282	272	1124	458	410	682	1109	397	149	206	563	306	677	469	51487	733	1137	83	2191	406	717	1294	1513	30	140	1447	7060	56	226	1034	2598	805	33	859	94	208	585	320
749	15491	17896	1274	4686	2262	632	4945	6764	13182	32868	37878	29201	1226	1883	10534	193241	31430	619	1762	6850	2730	14779	6016	3800	8159	1587	1377	5689	2628	3040	1908	3332	20453	33591	4367	5568	11855	5614
195	4327	1050	120	814	1873	235	631	2750	5688	1693	5321	17038	322	316	2599	38785	162869	178	204	1769	489	2365	6439	651	8331	334	368	1753	656	1259	214	164	2869	38740	1179	1585	22801	627
0	0	0	0	0	145	2778	2910	222	35	0	3	0	42	1005	597	39	0	30288	203	0	2	195	48	0	3	185	1523	0	281	1190	405	2	0	31	19	0	128	718
2	26	68	44	23	1019	1940	2140	1109	0	3	33	80	2218	4725	1932	94	1	1211	98312	127	34	54	11	0	64	6787	3124	29	201	297	6804	3269	34	12	1	157	225	0
17771	2048	5818	14482	1868	2501	0	794	1898	3387	3679	2449	1555	310	328	1776	7806	1108	0	696	120138	6813	5315	3772	37122	12433	1515	396	1855	470	113	525	889	9498	7657	4347	27704	288	319
288	262	1416	1105	562	4766	0	608	4141	1111	517	419	365	398	536	1012	1383	360	189	80	1915	123602	24912	4939	1073	306	259	3294	734	167	22	377	401	162	3315	9793	7917	1344	101
559	1815	2304	1409	1900	1725	21	2963	6483	13497	2395	2377	1038	462	692	1642	8409	2081	3	764	2746	34519	175978	32978	1664	1121	34	3409	1750	257	1183	479	686	688	2498	5963	2454	1723	1215
179	0	44	369	758	2	0	9	53	358	0	141	948	18	333	515	1016	1975	1	0	54	1249	5575	33811	255	54	0	113	121	14	72	0	6	0	556	165	301	153	12
14934	3250	8075	9234	2069	1581	44	376	965	1217	10977	4005	408	96	269	716	1475	562	1	68	19435	1123	577	1162	78543	9200	97	155	1049	2	356	35	146	6417	631	1112	2823	540	630
1459	121	326	5	83	185	0	7	198	282	417	1922	587	1	0	10	202	949	181	0	1991	80	0	247	4765	29363	161	9	1432	0	11	0	0	232	56	3	1497	593	40
7	0	30	7	0	9141	1005	2903	1569	52	6	49	2	1283	939	412	95	2	62	2131	202	1	0	0	0	88	68261	3435	126	3	42	2219	1398	55	0	524	11	89	0
793	771	1250	845	1477	90471	12712	79802	44201	79720	1474	2979	1874	46759	37559	55088	3076	5626	9545	65855	3932	20188	27438	30857	1730	605	40029	1415387	964	15600	5953	23548	127409	840	1536	33317	10927	3841	8992
14477	2745	3525	5939	10345	2184	1	639	779	5076	10617	42830	1170	674	741	1133	3562	1342	316	286	3003	2688	2715	878	4965	17638	1267	8	69945	13	462	645	332	6640	6878	7458	14993	196	42
59	295	338	54	417	289	14227	3644	1821	1166	564	470	36	13419	151	6632	1723	509	10804	3704	124	630	1223	673	139	8	483	6063	23	379800	46618	7945	19579	260	228	728	127	35	60192
0	545	0	0	103	59	6041	483	49	283	35	10	294	2433	20	3249	260	62	11960	1632	0	0	194	260	43	1	352	878	136	7613	103914	875	259	66	39	418	0	141	4269
0	0	15	3	15	366	8460	7806	1408	162	0	18	9	1341	581	1260	34	2	494	9576	12	0	35	3	0	0	3071	2046	132	2923	658	88539	4752	11	84	4	43	31	43
2	0	42	89	0	365	540	1163	572	402	3	7	6	3663	188	763	114	90	22	1148	83	186	398	54	0	34	1376	4318	66	1553	207	2266	25803	59	91	954	6	0	492
763	25	1122	47	0	283	0	4	173	1209	937	2415	443	0	355	101	2074	259	2	106	1959	381	173	0	3317	1163	90	47	731	14	226	12	3	12218	2631	144	1237	83	8
80	24	452	4	0	190	0	10	167	717	82	6884	305	7	119	243	6718	3446	356	0	955	343	683	147	1376	535	36	0	2581	57	410	1017	153	3169	66718	644	5113	5298	557
49	0	745	601	9	2597	0	646	3893	4521	325	625	107	3454	200	634	535	298	17	0	843	2849	1775	32	242	1	346	1254	411	552	148	2	1999	273	743	55073	784	24	2215
2345	120	583	1227	201	1765	6	891	479	38	1788	253	1107	101	143	584	773	1067	87	587	13226	2311	1527	774	832	3114	1037	382	936	6	3	159	306	2796	4965	954	93378	168	57
41	535	1	35	666	143	2	116	561	33	282	407	1222	2	98	812	2376	2832	199	191	73	345	759	1600	515	654	46	56	9	0	72	10	55	269	5634	35	0	26078	177
0	0	169	197	235	34	1614	712	2163	869	14	501	302	2158	24	2946	741	483	5252	0	105	349	1519	419	327	29	0	1789	84	48278	14737	53	2520	243	1313	3010	557	267	150571
