122933	10879	11836	44445	55404	1362	543	13	382	4112	15207	5317	564	1249	300	5784	2342	74	190	868	19090	1483	1346	1833	29239	59634	354	179	24894	447	707	468	1398	17629	405	521	16789	937	532
1639	113070	2215	21760	7350	355	27	167	835	2012	31498	1762	16427	382	157	3393	7088	4050	11	753	706	303	1557	964	1832	908	234	53	463	107	192	242	272	3616	2553	455	1156	1440	311
20248	8455	28776	12107	10292	1466	438	913	1355	3408	37919	17249	4588	859	618	3689	18861	1181	348	2328	15593	2939	6549	1714	30366	11720	1376	448	13838	1319	522	2035	859	31339	5431	3213	13505	1709	1942
4600	18667	1697	29441	5312	44	0	43	101	409	7592	313	569	258	66	2681	1838	54	0	251	3608	133	23	83	1580	271	45	18	664	107	0	0	124	1234	215	79	1629	198	1
30992	13628	7259	21566	81742	1392	19	201	205	1681	10262	1648	9449	385	12	3094	1081	444	0	200	1872	88	417	602	5829	8880	22	21	5003	429	26	107	38	4031	186	253	2610	1538	273
6	17	2	18	0	23582	211	2492	685	95	56	3	8	0	1267	31	8	38	123	366	88	412	672	45	14	81	2613	2089	4	0	0	171	0	312	0	497	533	158	0
0	0	0	0	0	8	36568	541	95	169	0	2	0	373	89	1406	0	0	3631	2732	0	0	86	0	0	0	182	325	0	2573	4307	2155	685	0	43	6	0	283	240
0	0	28	0	0	3922	418	15906	1254	954	13	63	17	10	6377	1133	306	128	3938	922	27	191	584	348	0	0	1001	2315	126	2	144	4113	334	2	195	316	190	465	66
8	5	372	166	381	5440	256	2971	17445	5938	304	324	347	375	2373	2065	886	360	1040	1475	371	1680	3232	2059	239	47	1470	4604	214	1920	247	507	4610	953	603	6901	492	905	1590
538	258	469	100	1102	48	40	345	637	21424	720	297	1705	82	5	54	1059	1621	38	0	47	195	1472	30	651	870	0	234	674	95	283	11	548	1977	502	1231	0	330	360
3586	39472	5847	8560	2443	1364	76	382	653	2263	89471	6533	32795	537	465	1540	14025	1692	189	875	3104	440	1807	422	8209	3523	215	32	3646	1211	155	254	482	23801	2596	798	4373	2930	461
1160	8551	9915	4934	5441	736	762	502	499	3983	12436	128708	9400	577	480	4314	20853	1608	387	526	8684	1419	7042	1191	13882	6941	1285	1660	27254	533	1030	694	658	47954	18117	2024	6584	2953	1414
34	14319	2133	2886	1467	411	489	38	509	1807	27040	2921	119691	166	280	1297	13651	19193	87	331	504	720	444	2188	908	1771	331	166	903	305	297	226	158	17801	4669	61	1714	4053	531
120	380	68	56	120	1038	1867	2521	1907	2139	114	149	0	126425	823	12662	198	291	1163	1015	543	557	1115	690	61	7	3133	3731	96	6217	1503	803	35296	557	140	9381	3	913	2127
0	0	41	1	0	2924	7	2460	100	149	0	647	3	0	17143	34	92	41	440	2119	15	0	70	63	1	1	1409	322	197	6	0	289	322	10	32	16	4	1355	17
570	205	415	495	282	323	1222	627	180	209	241	285	678	449	589	54046	470	2127	317	1068	402	138	1249	2696	166	6	1541	4031	115	516	611	2349	193	266	674	444	278	1926	641
103	6537	8748	1505	4604	1924	842	1374	2701	7877	25069	31517	31692	969	1509	8052	133327	60428	802	2189	9350	2748	17586	7402	5472	10441	697	417	5728	3041	2235	1089	1854	75508	38726	4194	9188	20140	4281
14	698	764	270	34	1223	502	253	1413	3017	1939	4941	18340	118	203	1447	21491	153495	255	138	1973	902	3002	11246	1376	10392	226	104	3308	426	789	145	79	12552	36746	595	2992	41615	578
0	0	0	0	0	405	6472	2665	199	100	0	1	0	4	1815	1215	146	1	25441	365	0	0	169	21	0	0	19	518	0	587	1214	353	30	3	30	54	0	648	522
88	42	41	13	13	1705	5457	2015	638	82	2	7	150	4097	8234	3338	204	29	918	85724	85	68	192	73	14	80	7601	4188	22	149	1219	8148	586	106	24	9	176	673	0
15875	987	5997	10253	1479	1164	2	326	790	2407	3048	3436	1065	809	664	4247	6804	2919	0	385	79400	7238	5937	6499	51436	15229	768	477	5357	348	67	585	546	22959	8051	3875	36864	2872	278
538	259	1055	496	493	2754	60	196	1614	1385	517	1128	367	818	754	1047	1206	715	83	9	2545	91173	50034	15590	2358	144	247	2446	802	289	50	139	422	1253	2350	11338	4275	2924	278
293	2140	2104	1375	1696	1319	230	1649	2953	10800	1977	2830	1930	593	1037	2148	7158	3977	303	401	4120	33380	157951	50036	2030	1936	2	1413	1745	340	872	392	647	2852	2582	8248	1934	5521	970
191	53	29	82	305	7	0	2	166	320	2	59	278	47	569	717	855	2972	48	0	154	1450	5797	33426	411	121	0	17	245	12	0	0	2	82	196	163	92	318	42
6006	2405	4206	6147	2587	720	43	159	770	469	15481	5739	1531	288	367	575	2751	759	0	188	12120	587	432	760	67238	16668	85	5	3814	55	210	61	100	18963	1183	1355	8655	658	215
115	46	168	2	87	115	0	0	34	74	221	1572	1168	0	0	2	286	812	243	0	1532	108	34	868	6527	22302	36	3	3440	0	21	0	1	3327	21	1	3538	670	41
74	0	31	39	39	13007	1080	1817	729	16	11	23	35	2059	1049	1681	188	90	52	3310	49	131	34	0	0	1	61447	3235	235	5	4	2805	2255	83	60	121	164	190	0
428	1318	1684	748	1763	87244	8443	47977	62858	82354	1805	3070	2793	73451	49882	138021	3629	7314	10062	23031	1812	18924	46114	43225	3622	1741	28747	1326149	1242	17719	7283	12186	115405	3550	1221	48386	7861	4734	17174
9625	2767	3836	6473	9183	1074	45	261	336	1955	8081	29919	3948	594	558	2026	1186	646	205	632	6646	3465	2872	3166	12107	20400	871	33	63953	22	135	439	456	18686	9286	5385	16981	844	50
2	463	415	6	265	981	23309	2281	2481	1657	402	334	201	13067	1185	11944	1702	1781	13851	2993	129	201	2034	1720	224	115	331	1367	30	360213	53754	5869	12872	997	702	2995	82	713	61532
0	574	9	0	53	128	13452	173	125	916	175	2	301	3195	70	3468	91	538	8621	957	0	77	190	348	62	105	282	481	0	12260	90930	506	1045	201	80	751	1	593	6216
3	0	35	33	1	2740	13432	9079	2528	210	4	84	17	1270	4521	1517	222	50	2148	14421	1	3	196	0	0	0	3935	3081	36	3362	1281	65571	3075	94	442	94	6	113	332
37	0	87	126	0	793	458	415	1437	329	8	1	0	5076	336	1053	146	58	38	617	140	97	445	387	25	67	1495	3858	23	1668	8	1645	24337	283	0	941	62	15	614
112	145	616	68	24	237	2	1	54	389	813	987	354	0	57	272	715	690	0	90	1663	19	169	53	1716	1586	57	2	1249	0	200	11	58	16811	2093	79	3073	289	1
1	5	183	25	2	56	87	14	185	355	108	3896	381	27	9	208	5708	11165	80	102	760	174	411	1289	1227	610	17	1	1468	29	503	717	21	9357	54959	1319	3958	9640	539
2	0	638	381	73	1768	0	50	3837	2940	533	1312	8	5215	76	889	815	1102	350	0	873	3278	2653	874	676	12	25	1839	1025	275	50	0	1891	857	429	50489	1995	413	1179
275	31	585	1277	302	1769	6	215	395	49	610	286	388	338	1201	1094	274	1897	30	508	8130	2834	2632	7067	4520	4784	205	175	1683	8	0	105	311	4732	4584	2222	84961	320	273
0	0	125	8	382	341	241	13	295	103	230	511	1395	30	22	279	1501	6247	230	51	270	135	826	1495	66	1026	20	28	207	71	40	10	48	384	2694	8	0	27251	358
0	3	278	170	201	59	827	408	2043	1372	11	815	371	1792	59	5138	564	1122	6520	0	88	417	946	1040	516	309	0	697	121	65841	24010	18	4958	309	1293	5388	70	1745	115065
