109780	16154	21730	28729	76159	1560	820	198	569	7564	19924	11453	2910	1802	915	4589	2857	258	561	1899	26567	3480	1132	3222	30050	46108	736	136	9103	1522	924	1125	792	13308	1317	181	9070	1994	491
3197	94649	4749	7545	10556	737	206	229	439	3545	40126	3473	22489	299	425	3869	5525	3055	199	1277	449	940	2364	3742	3628	1904	376	96	771	97	227	901	123	3478	2119	409	688	2769	645
15443	10087	38528	3735	13705	1423	1348	1482	1431	7280	33205	22678	11759	860	1638	2375	18692	2643	1227	4412	9180	5213	5918	2118	21548	11996	1642	497	7354	1186	1020	2849	1176	24817	9551	3274	12153	4439	1633
3619	21913	2452	21212	6500	217	4	39	126	935	10295	1092	1567	487	3	1732	1503	85	112	37	2776	323	158	138	2565	111	23	20	386	227	7	97	107	1068	348	18	614	1002	30
22314	19021	11853	13123	91764	1398	165	352	72	2613	9052	3407	9188	373	134	2284	1575	717	75	822	1341	443	626	2238	8570	6288	47	110	1464	266	216	428	18	1838	180	109	1156	1645	200
15	45	105	40	43	23265	428	2234	1787	86	24	0	12	1	1276	138	48	7	174	1402	23	748	231	228	9	11	2588	726	3	0	0	322	96	71	14	217	235	19	26
1	0	19	0	0	183	39098	743	133	301	1	5	0	1028	513	60	61	1	2804	3552	9	0	143	91	0	0	114	633	26	663	2502	1724	1806	1	15	56	5	202	6
0	12	38	0	3	4268	941	14009	1486	813	21	1	8	90	5878	985	79	64	5436	1974	15	144	319	446	0	3	1015	1464	14	4	84	4727	416	0	21	585	176	110	159
173	21	311	9	83	12637	625	4002	13488	5871	174	323	892	2527	2595	495	761	721	1802	2508	160	2104	2455	960	56	188	1382	2225	96	524	792	726	4678	194	807	5090	507	984	1229
329	213	451	91	1821	0	76	793	657	21197	917	302	2013	86	5	27	1254	979	166	31	38	180	1172	829	489	776	9	188	89	329	234	12	349	970	1332	971	40	258	379
2950	26997	10069	2216	4091	1962	734	231	363	4132	86458	8390	46062	733	680	725	14475	2928	869	1590	2417	1292	2623	2059	7124	4893	636	108	3513	781	363	934	377	13166	4643	1532	3031	4692	388
2128	6610	9922	1860	5539	1373	1820	920	648	5123	18595	108253	21418	649	369	4448	25504	8271	1600	1590	7440	2943	6698	4616	10772	6584	1372	2299	13170	525	2112	1084	862	38401	22118	2602	8016	6334	2503
469	13015	3124	1344	1783	544	938	82	362	3574	33402	5000	108404	352	360	716	10019	10563	424	811	537	1344	1005	9591	2163	2821	335	203	1913	308	602	1032	88	12964	9715	275	1339	4373	606
17	290	285	52	163	1931	3161	2493	4162	3897	42	237	13	97878	1779	3342	323	430	2241	1688	346	702	2056	1861	51	14	3597	8607	209	3719	2847	796	53066	142	122	13871	591	1063	1845
1	16	19	0	0	2053	210	4123	160	14	0	63	1	22	16399	36	211	13	598	2937	1	25	94	348	0	0	998	136	60	42	1	816	219	13	3	63	1	590	44
18	723	523	201	204	1844	1778	1640	3755	546	65	173	651	2647	948	33764	1036	1585	1372	2080	1225	660	1603	5658	27	52	3702	2713	99	588	2040	2390	1226	221	1005	595	753	2353	577
433	6630	17136	1694	2943	3317	4067	2986	2619	10692	34699	32111	35043	2200	2439	4611	106195	48164	3376	5041	10638	5989	14991	18202	5637	10515	1143	1422	5172	3245	3568	2949	2491	38300	48400	3633	10559	35036	3580
467	562	2665	306	307	1804	1568	1232	488	3880	3465	7483	15404	249	619	1093	27048	124482	536	347	2937	2167	3839	18664	930	8778	266	344	1696	599	1378	735	513	10949	57946	300	3103	29843	609
0	0	3	0	0	1100	5796	2517	334	104	0	0	0	145	3052	1203	14	5	23935	652	0	33	199	151	0	25	117	653	7	269	459	953	133	7	17	85	3	915	111
2	159	96	4	2	1234	7744	1904	1092	152	4	36	29	1553	4272	646	117	5	1064	87379	144	192	138	135	0	21	6101	3082	333	364	233	12361	3948	257	74	67	538	683	45
12738	2559	15427	10090	3759	1996	511	1016	1661	3236	6215	8894	1952	1061	943	2909	7341	4677	193	1450	60727	13094	4131	7844	38441	13041	998	473	6258	420	485	1088	1252	23721	11843	4036	28253	6192	518
256	281	1200	463	830	5749	139	1355	2405	4057	869	1127	1012	1314	1252	1040	1653	1244	17	379	1630	91691	35910	19072	1636	395	258	1969	376	473	200	1441	1381	548	2709	8946	3442	4204	1228
163	1103	1870	417	2131	2274	879	2953	3187	17929	1823	2861	2522	953	1328	2185	7083	2702	432	1113	1739	33337	124337	69008	2618	1759	58	2174	930	916	1596	1493	3068	1434	4891	7189	2690	6804	1935
157	25	135	37	196	0	0	59	23	330	0	212	115	189	294	446	649	2245	13	1	36	1767	4168	35020	424	169	0	131	0	79	38	0	34	26	604	177	208	1212	11
5515	5265	9605	1601	3958	736	135	304	807	1496	16788	6143	6450	126	591	785	2393	1183	338	411	11265	1173	540	2055	59986	11003	196	93	3611	157	283	172	108	18893	2601	1614	3944	1074	957
861	39	1201	0	39	339	1	10	24	321	1026	2654	1717	0	14	54	673	1212	312	0	2729	51	139	1194	5913	21295	71	25	1576	11	52	0	28	1968	89	7	1372	298	100
7	23	7	39	1	7683	3137	1872	2141	23	8	34	31	924	2203	75	21	14	56	8124	193	15	0	0	2	142	56601	1250	277	162	4	5357	5515	77	52	16	7	56	0
212	584	1414	127	1508	171967	23797	65073	285195	85396	634	1675	1705	78576	44039	40117	3618	2864	47055	59770	2281	18448	26871	57301	1631	1487	94325	909924	1718	9744	12720	16368	171286	1849	1505	48291	9531	4270	10094
10773	2725	6723	2908	14478	2202	376	360	317	4713	11461	30134	7531	671	648	907	4157	1315	686	779	7234	4098	3281	4535	9583	22516	959	309	35673	76	274	817	680	20393	10708	5285	12824	5620	418
86	251	1119	123	178	1931	56268	6052	4126	8010	290	591	197	39104	2629	10367	2747	1664	32310	8408	225	1892	8161	6392	55	396	2615	4526	292	149294	143910	8176	16770	1146	1908	5175	872	3115	53829
0	318	43	0	37	892	20186	352	1617	2645	64	56	234	1726	348	1422	380	367	11858	1378	1	94	693	2378	92	41	617	768	249	6053	79138	481	917	137	315	1840	230	1350	7659
9	24	136	31	7	1566	13717	5482	1952	270	42	9	10	1257	5220	254	290	7	1688	25573	25	106	418	43	0	2	4125	2435	401	1545	1211	61413	3510	59	478	90	203	227	102
0	0	14	45	30	809	1403	989	2189	877	3	22	0	5132	222	681	131	11	43	1598	103	51	448	1123	1	1	1180	3530	28	312	70	1667	22876	139	30	856	322	43	146
429	278	415	51	84	193	26	12	77	596	1824	1252	464	34	367	87	1322	981	4	286	923	24	166	84	2183	676	110	4	1238	3	270	22	69	14492	2436	128	2338	753	54
14	76	160	81	5	619	187	12	195	591	1222	3032	823	95	38	469	4569	8803	337	72	548	1337	245	2213	400	368	116	6	1850	73	569	1213	151	5141	58059	436	3665	11325	481
2	20	247	88	213	3042	5	75	2497	6059	545	970	197	4230	795	797	870	623	347	105	218	3732	2813	2247	523	17	3	1135	553	163	58	4	3273	736	1385	46669	1214	474	1878
1695	309	1548	414	770	3313	58	437	1112	697	917	536	1236	396	915	777	1139	3261	709	907	7958	4037	1968	5415	4548	3063	272	130	2550	61	7	114	507	4433	6551	2764	73436	1478	638
2	83	222	0	329	905	510	27	110	246	524	199	1383	19	150	610	1950	4669	729	324	194	1299	1482	3568	4	1109	31	41	44	103	289	74	82	199	4056	49	361	20640	325
1	8	351	104	260	494	3953	1294	3494	3936	60	604	557	5538	337	5779	775	1448	18100	22	97	1143	1960	6649	126	604	1	1870	111	21847	40028	540	7377	663	3937	7264	1066	3944	98242
