# AN
# tone(CF) * sin(MF), m = 0.99
# mod freq at R gain = max R gain - 3 dB
6.367197e+01	0.000000e+00
6.367197e+01	7.936508e-03
8.245726e+01	7.936508e-03
8.245726e+01	1.587302e-02
8.493470e+01	1.587302e-02
8.493470e+01	2.380952e-02
1.060696e+02	2.380952e-02
1.060696e+02	3.174603e-02
1.179571e+02	3.174603e-02
1.179571e+02	3.968254e-02
1.413835e+02	3.968254e-02
1.413835e+02	4.761905e-02
1.461641e+02	4.761905e-02
1.461641e+02	5.555556e-02
1.580284e+02	5.555556e-02
1.580284e+02	6.349206e-02
1.696370e+02	6.349206e-02
1.696370e+02	7.142857e-02
1.955757e+02	7.142857e-02
1.955757e+02	7.936508e-02
2.003795e+02	7.936508e-02
2.003795e+02	8.730159e-02
2.098709e+02	8.730159e-02
2.098709e+02	9.523810e-02
2.165247e+02	9.523810e-02
2.165247e+02	1.031746e-01
2.238059e+02	1.031746e-01
2.238059e+02	1.111111e-01
2.357283e+02	1.111111e-01
2.357283e+02	1.190476e-01
2.568864e+02	1.190476e-01
2.568864e+02	1.269841e-01
2.801618e+02	1.269841e-01
2.801618e+02	1.349206e-01
2.809311e+02	1.349206e-01
2.809311e+02	1.428571e-01
2.873966e+02	1.428571e-01
2.873966e+02	1.507937e-01
3.115690e+02	1.507937e-01
3.115690e+02	1.587302e-01
3.160567e+02	1.587302e-01
3.160567e+02	1.666667e-01
3.270844e+02	1.666667e-01
3.270844e+02	1.746032e-01
3.409729e+02	1.746032e-01
3.409729e+02	1.825397e-01
3.509407e+02	1.825397e-01
3.509407e+02	1.904762e-01
3.541177e+02	1.904762e-01
3.541177e+02	1.984127e-01
3.583498e+02	1.984127e-01
3.583498e+02	2.063492e-01
3.767632e+02	2.063492e-01
3.767632e+02	2.142857e-01
3.798217e+02	2.142857e-01
3.798217e+02	2.222222e-01
3.951302e+02	2.222222e-01
3.951302e+02	2.301587e-01
4.021325e+02	2.301587e-01
4.021325e+02	2.380952e-01
4.060765e+02	2.380952e-01
4.060765e+02	2.460317e-01
4.296307e+02	2.460317e-01
4.296307e+02	2.539683e-01
4.439956e+02	2.539683e-01
4.439956e+02	2.619048e-01
4.466706e+02	2.619048e-01
4.466706e+02	2.698413e-01
4.843923e+02	2.698413e-01
4.843923e+02	2.777778e-01
5.226368e+02	2.777778e-01
5.226368e+02	2.857143e-01
5.652088e+02	2.857143e-01
5.652088e+02	2.936508e-01
5.667101e+02	2.936508e-01
5.667101e+02	3.015873e-01
5.835525e+02	3.015873e-01
5.835525e+02	3.095238e-01
5.887514e+02	3.095238e-01
5.887514e+02	3.174603e-01
6.086313e+02	3.174603e-01
6.086313e+02	3.253968e-01
6.126194e+02	3.253968e-01
6.126194e+02	3.333333e-01
6.474801e+02	3.333333e-01
6.474801e+02	3.412698e-01
6.530508e+02	3.412698e-01
6.530508e+02	3.492063e-01
6.566833e+02	3.492063e-01
6.566833e+02	3.571429e-01
6.699653e+02	3.571429e-01
6.699653e+02	3.650794e-01
6.912745e+02	3.650794e-01
6.912745e+02	3.730159e-01
7.096066e+02	3.730159e-01
7.096066e+02	3.809524e-01
7.203181e+02	3.809524e-01
7.203181e+02	3.888889e-01
7.216916e+02	3.888889e-01
7.216916e+02	3.968254e-01
7.244596e+02	3.968254e-01
7.244596e+02	4.047619e-01
7.345227e+02	4.047619e-01
7.345227e+02	4.126984e-01
7.373604e+02	4.126984e-01
7.373604e+02	4.206349e-01
7.453737e+02	4.206349e-01
7.453737e+02	4.285714e-01
7.473863e+02	4.285714e-01
7.473863e+02	4.365079e-01
7.605311e+02	4.365079e-01
7.605311e+02	4.444444e-01
7.747683e+02	4.444444e-01
7.747683e+02	4.523810e-01
7.771063e+02	4.523810e-01
7.771063e+02	4.603175e-01
7.842574e+02	4.603175e-01
7.842574e+02	4.682540e-01
7.924148e+02	4.682540e-01
7.924148e+02	4.761905e-01
8.051947e+02	4.761905e-01
8.051947e+02	4.841270e-01
8.172798e+02	4.841270e-01
8.172798e+02	4.920635e-01
8.217768e+02	4.920635e-01
8.217768e+02	5.000000e-01
8.301480e+02	5.000000e-01
8.301480e+02	5.079365e-01
8.372875e+02	5.079365e-01
8.372875e+02	5.158730e-01
8.408572e+02	5.158730e-01
8.408572e+02	5.238095e-01
8.502348e+02	5.238095e-01
8.502348e+02	5.317460e-01
8.589105e+02	5.317460e-01
8.589105e+02	5.396825e-01
8.596542e+02	5.396825e-01
8.596542e+02	5.476190e-01
8.706469e+02	5.476190e-01
8.706469e+02	5.555556e-01
8.736728e+02	5.555556e-01
8.736728e+02	5.634921e-01
9.066929e+02	5.634921e-01
9.066929e+02	5.714286e-01
9.187803e+02	5.714286e-01
9.187803e+02	5.793651e-01
9.204652e+02	5.793651e-01
9.204652e+02	5.873016e-01
9.234958e+02	5.873016e-01
9.234958e+02	5.952381e-01
9.268076e+02	5.952381e-01
9.268076e+02	6.031746e-01
9.345815e+02	6.031746e-01
9.345815e+02	6.111111e-01
9.381210e+02	6.111111e-01
9.381210e+02	6.190476e-01
9.478007e+02	6.190476e-01
9.478007e+02	6.269841e-01
9.497459e+02	6.269841e-01
9.497459e+02	6.349206e-01
9.654937e+02	6.349206e-01
9.654937e+02	6.428571e-01
9.791405e+02	6.428571e-01
9.791405e+02	6.507937e-01
9.871980e+02	6.507937e-01
9.871980e+02	6.587302e-01
9.907119e+02	6.587302e-01
9.907119e+02	6.666667e-01
9.920343e+02	6.666667e-01
9.920343e+02	6.746032e-01
9.972379e+02	6.746032e-01
9.972379e+02	6.825397e-01
1.003201e+03	6.825397e-01
1.003201e+03	6.904762e-01
1.011112e+03	6.904762e-01
1.011112e+03	6.984127e-01
1.016527e+03	6.984127e-01
1.016527e+03	7.063492e-01
1.037346e+03	7.063492e-01
1.037346e+03	7.142857e-01
1.043238e+03	7.142857e-01
1.043238e+03	7.222222e-01
1.051974e+03	7.222222e-01
1.051974e+03	7.301587e-01
1.054235e+03	7.301587e-01
1.054235e+03	7.380952e-01
1.059592e+03	7.380952e-01
1.059592e+03	7.460317e-01
1.062267e+03	7.460317e-01
1.062267e+03	7.539683e-01
1.066497e+03	7.539683e-01
1.066497e+03	7.619048e-01
1.069077e+03	7.619048e-01
1.069077e+03	7.698413e-01
1.094365e+03	7.698413e-01
1.094365e+03	7.777778e-01
1.099403e+03	7.777778e-01
1.099403e+03	7.857143e-01
1.121663e+03	7.857143e-01
1.121663e+03	7.936508e-01
1.127422e+03	7.936508e-01
1.127422e+03	8.015873e-01
1.133557e+03	8.015873e-01
1.133557e+03	8.095238e-01
1.136223e+03	8.095238e-01
1.136223e+03	8.174603e-01
1.138714e+03	8.174603e-01
1.138714e+03	8.253968e-01
1.152243e+03	8.253968e-01
1.152243e+03	8.333333e-01
1.177586e+03	8.333333e-01
1.177586e+03	8.412698e-01
1.217774e+03	8.412698e-01
1.217774e+03	8.492063e-01
1.235827e+03	8.492063e-01
1.235827e+03	8.571429e-01
1.239399e+03	8.571429e-01
1.239399e+03	8.650794e-01
1.244177e+03	8.650794e-01
1.244177e+03	8.730159e-01
1.246195e+03	8.730159e-01
1.246195e+03	8.809524e-01
1.264764e+03	8.809524e-01
1.264764e+03	8.888889e-01
1.268466e+03	8.888889e-01
1.268466e+03	8.968254e-01
1.295383e+03	8.968254e-01
1.295383e+03	9.047619e-01
1.302279e+03	9.047619e-01
1.302279e+03	9.126984e-01
1.305311e+03	9.126984e-01
1.305311e+03	9.206349e-01
1.316353e+03	9.206349e-01
1.316353e+03	9.285714e-01
1.322737e+03	9.285714e-01
1.322737e+03	9.365079e-01
1.345780e+03	9.365079e-01
1.345780e+03	9.444444e-01
1.349692e+03	9.444444e-01
1.349692e+03	9.523810e-01
1.387553e+03	9.523810e-01
1.387553e+03	9.603175e-01
1.389598e+03	9.603175e-01
1.389598e+03	9.682540e-01
1.414212e+03	9.682540e-01
1.414212e+03	9.761905e-01
1.424668e+03	9.761905e-01
1.424668e+03	9.841270e-01
1.427531e+03	9.841270e-01
1.427531e+03	9.920635e-01
1.472487e+03	9.920635e-01
1.472487e+03	1.000000e+00
