# IC
# tone(CF) * sin(MF), m = 1
# rBMF
4.962505e+00	0.000000e+00
4.962505e+00	4.651163e-03
6.830867e+00	4.651163e-03
6.830867e+00	9.302326e-03
8.910835e+00	9.302326e-03
8.910835e+00	1.395349e-02
9.812324e+00	1.395349e-02
9.812324e+00	1.860465e-02
9.850254e+00	1.860465e-02
9.850254e+00	2.325581e-02
9.917857e+00	2.325581e-02
9.917857e+00	2.790698e-02
9.956446e+00	2.790698e-02
9.956446e+00	3.255814e-02
9.964412e+00	3.255814e-02
9.964412e+00	3.720930e-02
9.976256e+00	3.720930e-02
9.976256e+00	4.186047e-02
1.190624e+01	4.186047e-02
1.190624e+01	4.651163e-02
1.503752e+01	4.651163e-02
1.503752e+01	5.116279e-02
1.844341e+01	5.116279e-02
1.844341e+01	5.581395e-02
1.899792e+01	5.581395e-02
1.899792e+01	6.046512e-02
1.954089e+01	6.046512e-02
1.954089e+01	6.511628e-02
1.970024e+01	6.511628e-02
1.970024e+01	6.976744e-02
1.998675e+01	6.976744e-02
1.998675e+01	7.441860e-02
1.999036e+01	7.441860e-02
1.999036e+01	7.906977e-02
2.011924e+01	7.906977e-02
2.011924e+01	8.372093e-02
2.051395e+01	8.372093e-02
2.051395e+01	8.837209e-02
2.177651e+01	8.837209e-02
2.177651e+01	9.302326e-02
2.189139e+01	9.302326e-02
2.189139e+01	9.767442e-02
2.216400e+01	9.767442e-02
2.216400e+01	1.023256e-01
2.312294e+01	1.023256e-01
2.312294e+01	1.069767e-01
2.318626e+01	1.069767e-01
2.318626e+01	1.116279e-01
2.445601e+01	1.116279e-01
2.445601e+01	1.162791e-01
2.450370e+01	1.162791e-01
2.450370e+01	1.209302e-01
2.462367e+01	1.209302e-01
2.462367e+01	1.255814e-01
2.463710e+01	1.255814e-01
2.463710e+01	1.302326e-01
2.466284e+01	1.302326e-01
2.466284e+01	1.348837e-01
2.472434e+01	1.348837e-01
2.472434e+01	1.395349e-01
2.481671e+01	1.395349e-01
2.481671e+01	1.441860e-01
2.486714e+01	1.441860e-01
2.486714e+01	1.488372e-01
2.520747e+01	1.488372e-01
2.520747e+01	1.534884e-01
2.674070e+01	1.534884e-01
2.674070e+01	1.581395e-01
2.721820e+01	1.581395e-01
2.721820e+01	1.627907e-01
2.778068e+01	1.627907e-01
2.778068e+01	1.674419e-01
2.793088e+01	1.674419e-01
2.793088e+01	1.720930e-01
2.794298e+01	1.720930e-01
2.794298e+01	1.767442e-01
2.796179e+01	1.767442e-01
2.796179e+01	1.813953e-01
2.833855e+01	1.813953e-01
2.833855e+01	1.860465e-01
2.911910e+01	1.860465e-01
2.911910e+01	1.906977e-01
2.960169e+01	1.906977e-01
2.960169e+01	1.953488e-01
2.970089e+01	1.953488e-01
2.970089e+01	2.000000e-01
2.973580e+01	2.000000e-01
2.973580e+01	2.046512e-01
2.993868e+01	2.046512e-01
2.993868e+01	2.093023e-01
2.996092e+01	2.093023e-01
2.996092e+01	2.139535e-01
3.002348e+01	2.139535e-01
3.002348e+01	2.186047e-01
3.011684e+01	2.186047e-01
3.011684e+01	2.232558e-01
3.012953e+01	2.232558e-01
3.012953e+01	2.279070e-01
3.013712e+01	2.279070e-01
3.013712e+01	2.325581e-01
3.020140e+01	2.325581e-01
3.020140e+01	2.372093e-01
3.022770e+01	2.372093e-01
3.022770e+01	2.418605e-01
3.026574e+01	2.418605e-01
3.026574e+01	2.465116e-01
3.185351e+01	2.465116e-01
3.185351e+01	2.511628e-01
3.213200e+01	2.511628e-01
3.213200e+01	2.558140e-01
3.358152e+01	2.558140e-01
3.358152e+01	2.604651e-01
3.385419e+01	2.604651e-01
3.385419e+01	2.651163e-01
3.396081e+01	2.651163e-01
3.396081e+01	2.697674e-01
3.396909e+01	2.697674e-01
3.396909e+01	2.744186e-01
3.419806e+01	2.744186e-01
3.419806e+01	2.790698e-01
3.430974e+01	2.790698e-01
3.430974e+01	2.837209e-01
3.440062e+01	2.837209e-01
3.440062e+01	2.883721e-01
3.473296e+01	2.883721e-01
3.473296e+01	2.930233e-01
3.483183e+01	2.930233e-01
3.483183e+01	2.976744e-01
3.491412e+01	2.976744e-01
3.491412e+01	3.023256e-01
3.618093e+01	3.023256e-01
3.618093e+01	3.069767e-01
3.646107e+01	3.069767e-01
3.646107e+01	3.116279e-01
3.765010e+01	3.116279e-01
3.765010e+01	3.162791e-01
3.855443e+01	3.162791e-01
3.855443e+01	3.209302e-01
3.867364e+01	3.209302e-01
3.867364e+01	3.255814e-01
3.886802e+01	3.255814e-01
3.886802e+01	3.302326e-01
3.900648e+01	3.302326e-01
3.900648e+01	3.348837e-01
3.907560e+01	3.348837e-01
3.907560e+01	3.395349e-01
3.910980e+01	3.395349e-01
3.910980e+01	3.441860e-01
3.911132e+01	3.441860e-01
3.911132e+01	3.488372e-01
3.922948e+01	3.488372e-01
3.922948e+01	3.534884e-01
3.933477e+01	3.534884e-01
3.933477e+01	3.581395e-01
3.937981e+01	3.581395e-01
3.937981e+01	3.627907e-01
3.941380e+01	3.627907e-01
3.941380e+01	3.674419e-01
3.949071e+01	3.674419e-01
3.949071e+01	3.720930e-01
3.988335e+01	3.720930e-01
3.988335e+01	3.767442e-01
4.091544e+01	3.767442e-01
4.091544e+01	3.813953e-01
4.125023e+01	3.813953e-01
4.125023e+01	3.860465e-01
4.172614e+01	3.860465e-01
4.172614e+01	3.906977e-01
4.259841e+01	3.906977e-01
4.259841e+01	3.953488e-01
4.290638e+01	3.953488e-01
4.290638e+01	4.000000e-01
4.310565e+01	4.000000e-01
4.310565e+01	4.046512e-01
4.355615e+01	4.046512e-01
4.355615e+01	4.093023e-01
4.405248e+01	4.093023e-01
4.405248e+01	4.139535e-01
4.411505e+01	4.139535e-01
4.411505e+01	4.186047e-01
4.416138e+01	4.186047e-01
4.416138e+01	4.232558e-01
4.453447e+01	4.232558e-01
4.453447e+01	4.279070e-01
4.473151e+01	4.279070e-01
4.473151e+01	4.325581e-01
4.576156e+01	4.325581e-01
4.576156e+01	4.372093e-01
4.584399e+01	4.372093e-01
4.584399e+01	4.418605e-01
4.627648e+01	4.418605e-01
4.627648e+01	4.465116e-01
4.809804e+01	4.465116e-01
4.809804e+01	4.511628e-01
4.845457e+01	4.511628e-01
4.845457e+01	4.558140e-01
4.867573e+01	4.558140e-01
4.867573e+01	4.604651e-01
4.880631e+01	4.604651e-01
4.880631e+01	4.651163e-01
4.889349e+01	4.651163e-01
4.889349e+01	4.697674e-01
4.889767e+01	4.697674e-01
4.889767e+01	4.744186e-01
4.932573e+01	4.744186e-01
4.932573e+01	4.790698e-01
4.958817e+01	4.790698e-01
4.958817e+01	4.837209e-01
4.986978e+01	4.837209e-01
4.986978e+01	4.883721e-01
5.227599e+01	4.883721e-01
5.227599e+01	4.930233e-01
5.248514e+01	4.930233e-01
5.248514e+01	4.976744e-01
5.342739e+01	4.976744e-01
5.342739e+01	5.023256e-01
5.416147e+01	5.023256e-01
5.416147e+01	5.069767e-01
5.430136e+01	5.069767e-01
5.430136e+01	5.116279e-01
5.457919e+01	5.116279e-01
5.457919e+01	5.162791e-01
5.578842e+01	5.162791e-01
5.578842e+01	5.209302e-01
5.843526e+01	5.209302e-01
5.843526e+01	5.255814e-01
5.863922e+01	5.255814e-01
5.863922e+01	5.302326e-01
5.865939e+01	5.302326e-01
5.865939e+01	5.348837e-01
5.874345e+01	5.348837e-01
5.874345e+01	5.395349e-01
5.907128e+01	5.395349e-01
5.907128e+01	5.441860e-01
5.918743e+01	5.441860e-01
5.918743e+01	5.488372e-01
5.923002e+01	5.488372e-01
5.923002e+01	5.534884e-01
5.953362e+01	5.534884e-01
5.953362e+01	5.581395e-01
5.957335e+01	5.581395e-01
5.957335e+01	5.627907e-01
6.299885e+01	5.627907e-01
6.299885e+01	5.674419e-01
6.312397e+01	5.674419e-01
6.312397e+01	5.720930e-01
6.341230e+01	5.720930e-01
6.341230e+01	5.767442e-01
6.421800e+01	5.767442e-01
6.421800e+01	5.813953e-01
6.467064e+01	5.813953e-01
6.467064e+01	5.860465e-01
6.604137e+01	5.860465e-01
6.604137e+01	5.906977e-01
6.622319e+01	5.906977e-01
6.622319e+01	5.953488e-01
6.783954e+01	5.953488e-01
6.783954e+01	6.000000e-01
6.831555e+01	6.000000e-01
6.831555e+01	6.046512e-01
6.940049e+01	6.046512e-01
6.940049e+01	6.093023e-01
6.945365e+01	6.093023e-01
6.945365e+01	6.139535e-01
7.031505e+01	6.139535e-01
7.031505e+01	6.186047e-01
7.193296e+01	6.186047e-01
7.193296e+01	6.232558e-01
7.298891e+01	6.232558e-01
7.298891e+01	6.279070e-01
7.358637e+01	6.279070e-01
7.358637e+01	6.325581e-01
7.361091e+01	6.325581e-01
7.361091e+01	6.372093e-01
7.378329e+01	6.372093e-01
7.378329e+01	6.418605e-01
7.385730e+01	6.418605e-01
7.385730e+01	6.465116e-01
7.388044e+01	6.465116e-01
7.388044e+01	6.511628e-01
7.419583e+01	6.511628e-01
7.419583e+01	6.558140e-01
7.437295e+01	6.558140e-01
7.437295e+01	6.604651e-01
7.867116e+01	6.604651e-01
7.867116e+01	6.651163e-01
7.891129e+01	6.651163e-01
7.891129e+01	6.697674e-01
8.014507e+01	6.697674e-01
8.014507e+01	6.744186e-01
8.024112e+01	6.744186e-01
8.024112e+01	6.790698e-01
8.130960e+01	6.790698e-01
8.130960e+01	6.837209e-01
8.219599e+01	6.837209e-01
8.219599e+01	6.883721e-01
8.221644e+01	6.883721e-01
8.221644e+01	6.930233e-01
8.233577e+01	6.930233e-01
8.233577e+01	6.976744e-01
8.301843e+01	6.976744e-01
8.301843e+01	7.023256e-01
8.303310e+01	7.023256e-01
8.303310e+01	7.069767e-01
8.388745e+01	7.069767e-01
8.388745e+01	7.116279e-01
8.476100e+01	7.116279e-01
8.476100e+01	7.162791e-01
8.522845e+01	7.162791e-01
8.522845e+01	7.209302e-01
8.693329e+01	7.209302e-01
8.693329e+01	7.255814e-01
8.731403e+01	7.255814e-01
8.731403e+01	7.302326e-01
8.996832e+01	7.302326e-01
8.996832e+01	7.348837e-01
9.252174e+01	7.348837e-01
9.252174e+01	7.395349e-01
9.293201e+01	7.395349e-01
9.293201e+01	7.441860e-01
9.299996e+01	7.441860e-01
9.299996e+01	7.488372e-01
9.315725e+01	7.488372e-01
9.315725e+01	7.534884e-01
9.621557e+01	7.534884e-01
9.621557e+01	7.581395e-01
9.784949e+01	7.581395e-01
9.784949e+01	7.627907e-01
9.802678e+01	7.627907e-01
9.802678e+01	7.674419e-01
9.811893e+01	7.674419e-01
9.811893e+01	7.720930e-01
9.837236e+01	7.720930e-01
9.837236e+01	7.767442e-01
9.853725e+01	7.767442e-01
9.853725e+01	7.813953e-01
9.905997e+01	7.813953e-01
9.905997e+01	7.860465e-01
9.907776e+01	7.860465e-01
9.907776e+01	7.906977e-01
9.923291e+01	7.906977e-01
9.923291e+01	7.953488e-01
9.927514e+01	7.953488e-01
9.927514e+01	8.000000e-01
9.938117e+01	8.000000e-01
9.938117e+01	8.046512e-01
9.958082e+01	8.046512e-01
9.958082e+01	8.093023e-01
9.971607e+01	8.093023e-01
9.971607e+01	8.139535e-01
9.972962e+01	8.139535e-01
9.972962e+01	8.186047e-01
9.994237e+01	8.186047e-01
9.994237e+01	8.232558e-01
1.008791e+02	8.232558e-01
1.008791e+02	8.279070e-01
1.052249e+02	8.279070e-01
1.052249e+02	8.325581e-01
1.059894e+02	8.325581e-01
1.059894e+02	8.372093e-01
1.071280e+02	8.372093e-01
1.071280e+02	8.418605e-01
1.075717e+02	8.418605e-01
1.075717e+02	8.465116e-01
1.092404e+02	8.465116e-01
1.092404e+02	8.511628e-01
1.106817e+02	8.511628e-01
1.106817e+02	8.558140e-01
1.119349e+02	8.558140e-01
1.119349e+02	8.604651e-01
1.145887e+02	8.604651e-01
1.145887e+02	8.651163e-01
1.153893e+02	8.651163e-01
1.153893e+02	8.697674e-01
1.179668e+02	8.697674e-01
1.179668e+02	8.744186e-01
1.183574e+02	8.744186e-01
1.183574e+02	8.790698e-01
1.189137e+02	8.790698e-01
1.189137e+02	8.837209e-01
1.194431e+02	8.837209e-01
1.194431e+02	8.883721e-01
1.199090e+02	8.883721e-01
1.199090e+02	8.930233e-01
1.201750e+02	8.930233e-01
1.201750e+02	8.976744e-01
1.233732e+02	8.976744e-01
1.233732e+02	9.023256e-01
1.251411e+02	9.023256e-01
1.251411e+02	9.069767e-01
1.387595e+02	9.069767e-01
1.387595e+02	9.116279e-01
1.407304e+02	9.116279e-01
1.407304e+02	9.162791e-01
1.410246e+02	9.162791e-01
1.410246e+02	9.209302e-01
1.411529e+02	9.209302e-01
1.411529e+02	9.255814e-01
1.481760e+02	9.255814e-01
1.481760e+02	9.302326e-01
1.502173e+02	9.302326e-01
1.502173e+02	9.348837e-01
1.592984e+02	9.348837e-01
1.592984e+02	9.395349e-01
1.792948e+02	9.395349e-01
1.792948e+02	9.441860e-01
1.823561e+02	9.441860e-01
1.823561e+02	9.488372e-01
1.998147e+02	9.488372e-01
1.998147e+02	9.534884e-01
2.234050e+02	9.534884e-01
2.234050e+02	9.581395e-01
2.288227e+02	9.581395e-01
2.288227e+02	9.627907e-01
2.487722e+02	9.627907e-01
2.487722e+02	9.674419e-01
2.657572e+02	9.674419e-01
2.657572e+02	9.720930e-01
2.670764e+02	9.720930e-01
2.670764e+02	9.767442e-01
2.909723e+02	9.767442e-01
2.909723e+02	9.813953e-01
4.998229e+02	9.813953e-01
4.998229e+02	9.860465e-01
5.004691e+02	9.860465e-01
5.004691e+02	9.906977e-01
9.755403e+02	9.906977e-01
9.755403e+02	9.953488e-01
9.758750e+02	9.953488e-01
9.758750e+02	1.000000e+00
