152812	11966	20127	32791	60114	1932	692	212	482	7485	15916	4229	2404	2247	462	6830	3730	454	290	1011	22682	1908	1060	1628	21577	41302	993	62	17512	436	706	694	656	11993	198	825	10336	482	453
4306	103985	4651	28769	11581	637	115	231	615	4068	33078	2011	9396	708	384	3384	4880	728	60	168	1248	562	1567	500	2554	2029	784	82	1493	202	282	414	250	1553	1201	1250	275	1480	834
24832	12917	44865	7471	14289	2212	584	1471	2541	6425	37980	12657	6304	666	962	2839	23547	2700	614	1678	14025	4378	2453	1039	23147	9396	2078	382	10387	1777	753	2535	938	17535	1833	5606	11007	3177	1515
5559	12452	2706	31634	6170	275	0	98	91	1152	7735	706	1018	104	0	2363	1814	92	2	149	4343	267	46	117	1139	163	111	24	943	110	1	6	340	782	19	60	867	457	33
34042	13391	11832	23925	86097	2049	2	252	80	6395	6053	1864	5203	409	182	1314	1857	131	13	223	1581	299	724	1285	5758	5123	21	80	2997	385	136	175	9	1221	1	236	764	1027	349
16	2	280	1	6	25246	19	1694	590	27	0	0	30	2	1452	162	41	8	418	223	7	755	38	4	14	7	2108	2604	11	0	0	391	2	14	0	147	338	11	29
0	1	0	0	0	34	34792	1162	148	108	2	29	0	934	406	787	66	4	6281	863	0	1	156	58	0	0	665	1032	6	2967	2337	2317	1126	5	25	58	8	89	32
0	44	15	2	8	4923	416	16508	748	985	2	77	14	443	4705	1088	115	15	3276	990	38	424	293	122	1	1	860	1735	50	133	68	5943	389	4	17	521	42	271	522
30	48	344	28	111	6711	365	4444	10902	6873	322	271	464	2320	2856	1661	1284	346	1570	822	629	4552	1091	335	97	116	1808	5668	19	1835	475	1340	3004	117	154	8885	309	1050	1919
365	493	419	216	925	38	74	764	547	21564	1138	119	1549	33	0	233	1022	1369	43	0	608	351	1309	97	723	642	10	44	176	248	169	0	330	844	594	2472	28	166	330
4841	47823	12305	7682	5765	2268	86	508	648	3819	94247	3912	21237	654	672	1987	13959	1722	627	232	3730	1023	1283	271	7921	5214	1013	24	5619	1392	316	729	393	8234	1068	2371	2428	2671	533
2768	8471	16488	6268	4400	1403	924	1012	1116	7280	24385	96072	12145	995	181	6356	20837	5463	635	435	13599	2002	6181	1901	14507	8911	1666	2173	29331	709	1374	971	620	38082	8777	3115	9954	3293	2291
933	23847	5360	2357	3527	636	514	56	235	3562	48707	2950	96936	154	338	1142	9570	8460	302	243	1277	1001	1006	1865	4407	3244	594	237	2575	421	650	894	55	10395	2356	761	1286	3140	507
118	96	222	35	46	1303	1106	2349	1653	3084	30	212	9	131732	525	6682	222	251	1614	218	634	1089	902	756	7	1	3885	4719	65	4727	1486	438	28438	262	39	16178	110	601	4085
1	9	39	4	10	2691	19	4031	121	64	3	375	1	23	15574	76	48	15	979	1595	1	16	119	161	3	1	991	604	399	6	0	1113	135	8	5	81	18	886	105
172	606	479	445	482	1235	1255	1826	399	350	143	397	838	1408	709	44772	1477	1734	1727	748	1466	741	1017	2078	85	13	2907	4337	130	513	1096	2126	453	89	339	956	511	1974	1007
624	19440	25400	2703	4114	4008	1226	2804	3117	14148	45587	26148	44520	2096	1612	5963	123510	44045	1534	1508	13860	6479	10930	7080	5997	9555	2123	1096	7771	4189	2455	2868	1311	44541	13507	6332	9338	24264	4063
67	5426	2970	291	165	2217	509	689	1589	4577	4132	7603	24484	264	410	2734	31871	142902	667	48	3558	1275	2738	7578	1833	10499	423	60	2812	783	1375	282	157	15995	17283	599	2934	34440	1362
1	0	15	0	0	580	3867	3762	285	75	0	7	0	415	1284	772	24	0	25005	167	0	6	131	83	0	8	241	1788	4	1022	750	1333	64	0	15	153	29	237	874
73	273	30	27	14	1460	4876	2225	766	49	0	15	25	4422	9258	1761	237	1	2386	70720	77	91	71	7	1	37	10366	5148	122	334	345	16957	3084	168	41	50	147	381	165
19010	3178	15136	10534	2295	2287	6	739	1643	3865	5917	5830	1487	667	588	3753	12163	4376	24	741	85636	8521	2768	4851	24790	11708	1449	399	6699	567	219	551	819	24911	3374	5045	28873	5802	222
373	828	2399	594	570	3671	32	1465	1750	2766	1016	487	703	513	832	2378	1370	1030	66	84	4589	105883	23928	10966	796	80	207	1970	575	293	158	324	867	494	2111	14515	7277	5891	300
445	2599	3329	1388	1189	1743	175	2299	3285	16940	3132	2393	3495	702	886	4214	6999	3649	72	391	6424	64656	121872	33524	1199	878	63	1154	1268	731	1148	753	1070	1318	1796	12949	4078	8271	1407
87	213	191	188	27	0	0	72	29	546	39	337	1267	41	238	1716	934	2790	32	1	581	2272	6689	26819	218	175	0	18	90	86	54	0	110	112	556	522	587	1444	149
9189	3819	8960	5908	2156	1110	52	417	614	1320	18361	2431	6504	81	299	1454	3272	653	27	67	22688	836	741	951	52225	13584	303	47	3961	53	291	84	170	13571	299	2438	4196	690	533
1960	169	1257	10	188	254	0	17	30	400	612	1291	1096	0	1	114	622	819	252	0	4202	143	149	469	5305	21025	188	0	3417	2	1	0	9	1915	0	95	1114	247	42
8	36	4	7	1	12901	1570	1333	105	82	3	53	7	1285	2783	527	144	26	202	2629	30	17	2	0	0	7	60319	4484	121	46	16	5424	1328	13	21	477	63	74	1
253	758	1561	277	514	91545	7033	60965	33070	99905	810	1616	3747	81296	26963	82134	2052	2698	7232	10032	2655	26370	38253	33949	1544	1465	33871	1432259	240	16947	7652	14941	88916	1360	991	71318	9222	3047	15509
16701	4828	7448	8231	8865	2260	11	357	966	6149	11974	21044	1731	1319	514	1900	3681	716	184	774	11470	3234	2915	1717	10265	16032	1498	154	56437	80	210	588	760	16159	3540	5980	16531	1794	130
0	214	796	21	52	1079	23814	3992	1352	3245	415	426	324	22779	1453	8475	1662	958	16546	2466	251	1403	2512	1566	71	8	385	2773	1	333701	53296	7803	10161	563	757	5876	138	750	73116
1	278	2	5	24	566	12415	240	250	1508	114	26	571	6430	188	3979	205	208	10595	1090	1	87	521	282	74	42	510	506	0	12439	79352	434	804	179	130	1421	29	261	11209
4	30	91	16	15	1560	9505	5698	1114	349	3	12	7	2161	4399	1252	163	4	2667	7786	13	25	167	1	0	1	5850	4210	218	3042	731	79001	2981	14	154	234	34	28	397
0	2	240	12	5	1030	1342	795	771	846	1	5	0	6245	315	1276	99	14	82	191	259	118	636	53	0	0	1672	2281	1	1720	92	1665	22982	98	30	1392	234	29	592
212	438	252	22	32	339	12	8	23	872	3156	1144	771	9	308	127	1681	484	3	151	2186	16	73	20	1870	495	155	0	1668	10	249	32	76	14351	396	369	2411	328	6
103	728	499	7	85	168	79	64	60	728	928	3488	2599	17	67	221	8608	14213	343	5	2489	275	828	747	904	1147	176	0	2210	203	449	1266	57	9388	36158	702	7178	11880	529
25	170	575	233	20	2636	13	242	1482	3461	661	979	368	5601	47	2385	819	730	298	0	846	4202	1740	671	228	4	44	715	504	421	238	1	1056	544	580	53290	1605	247	1141
2207	169	1507	716	668	2244	30	487	456	484	552	205	1218	421	627	1487	1440	2976	25	541	8917	2529	1875	3924	2282	4598	813	217	2831	11	2	99	277	5599	2666	4019	80925	621	411
6	362	225	3	289	740	405	46	339	418	66	369	1479	148	43	971	3085	4697	505	70	396	861	746	1439	4	1232	88	41	22	105	112	4	21	276	940	128	165	25531	564
0	10	398	18	89	2	1971	863	1035	3424	3	447	1189	4588	179	3628	402	1430	4379	0	235	880	1297	1826	152	366	0	786	93	55069	18889	174	3929	150	1021	4596	351	1455	129260
