159268	4668	14101	37321	97711	1466	604	38	335	3424	8202	5039	703	1444	603	2853	2899	215	261	1069	8535	2504	967	1398	23203	30872	790	137	24244	229	747	302	2136	14615	145	1101	6893	215	432
2082	100208	2668	25307	22646	908	0	116	521	2340	32021	1426	11713	299	382	5216	6974	1432	0	516	522	344	1629	2909	436	1195	281	35	1284	185	334	324	434	1433	375	1032	134	2095	559
23535	3441	57989	8874	31711	2012	296	827	3218	3949	23541	11587	4569	633	579	3053	19772	758	364	2162	9855	5798	4081	702	32483	4996	2053	309	13237	1296	465	2523	1221	21922	4141	4986	6603	453	1521
1348	12021	1362	43690	7459	209	0	58	330	256	5598	131	734	46	0	2132	1329	9	0	60	2044	127	43	51	1433	0	105	279	1217	100	0	0	224	556	1	189	616	154	37
24717	3797	9119	10994	140702	1494	0	128	217	1431	3155	373	2918	377	55	1759	1045	238	0	301	789	330	551	450	2462	3230	124	5	3578	359	292	173	4	490	0	537	245	487	559
5	132	140	0	6	24780	436	545	724	0	36	0	0	191	191	32	0	2	3	111	32	669	114	0	7	9	4604	1758	91	0	0	100	3	4	1	1260	684	27	0
0	0	0	0	0	1	41407	385	9	30	0	8	0	399	278	54	38	0	2086	1143	0	0	0	21	0	42	4	907	60	4139	2622	2463	174	0	32	2	8	167	20
0	3	34	0	0	1307	615	18493	1553	684	20	41	0	319	2716	1185	603	148	3757	208	62	21	368	166	0	23	555	1657	63	133	216	8978	325	52	8	1061	85	98	251
71	5	495	38	534	7199	121	3082	21309	4124	314	238	150	837	778	260	682	313	707	384	11	4220	964	253	462	71	2138	4301	88	2218	99	1433	5509	431	654	8363	46	119	2154
165	462	1000	475	1617	0	16	471	828	24199	625	837	1046	41	82	169	930	2084	105	0	63	226	821	175	170	185	0	31	599	12	29	0	151	1134	765	396	0	97	46
6515	35432	10589	9812	8959	1876	23	469	917	3628	92635	4332	27342	761	487	1608	16686	1844	276	266	1710	911	1120	890	10663	3476	709	27	9625	1035	217	593	487	8611	1072	1189	1334	2646	455
3121	4790	9123	3942	8898	917	1051	787	986	5171	7865	153847	3251	596	580	2491	18775	2098	659	86	1475	2291	2772	284	8280	3780	1010	1741	65843	403	1261	748	539	25041	10003	4122	2175	4101	2188
187	13475	3198	444	7763	730	595	202	316	2575	30699	894	122244	267	130	967	18278	10171	8	337	902	1015	920	3675	1640	1929	260	210	3092	270	811	715	65	8826	3843	624	450	3238	535
320	460	121	136	111	683	669	1947	694	1044	347	634	0	160832	537	3602	188	198	704	272	232	1151	838	918	3	52	3384	3136	270	1694	2203	409	18492	141	85	10123	35	1202	2062
1	11	3	1	0	1310	26	3051	24	104	15	373	0	20	18512	189	21	134	196	3484	0	0	55	73	1	5	692	287	412	0	1	665	110	10	3	26	21	380	114
419	35	508	359	388	1349	548	1631	418	453	113	168	548	736	876	47094	626	2092	9	1269	606	745	1926	2054	128	544	4670	4763	502	273	991	2042	712	317	447	882	60	1361	378
525	7383	24566	2141	5164	2439	485	2550	4453	9489	26155	23817	23876	1397	981	7345	189701	44622	383	1293	8194	6426	13439	6778	6966	7266	1353	587	10632	2053	2707	1823	2210	44669	26610	4189	5857	17026	4316
207	1047	1971	71	396	1662	224	493	1884	4338	2952	5948	18864	516	12	2406	30643	165970	130	53	2488	1549	1666	8613	1566	9956	393	108	4098	319	1153	207	399	5473	26689	822	474	33251	590
0	0	1	0	0	190	5778	1449	15	9	0	0	0	101	413	266	65	4	28472	112	0	6	150	252	0	105	39	1440	0	914	1412	920	94	0	16	460	0	71	243
46	70	16	138	0	560	4224	858	590	46	55	3	7	1840	4623	3130	127	89	1220	96915	43	83	16	5	16	139	6192	4005	15	262	1479	7085	1264	264	44	1	118	618	4
18970	1173	11247	18592	2856	2425	1	547	2386	2443	1641	3345	1075	276	961	1399	4536	1663	0	533	85529	12981	3696	3234	51160	6516	785	317	7848	361	246	495	1541	19706	3899	8905	26845	1277	33
71	558	1435	699	859	3147	2	769	2311	1000	481	985	127	652	273	936	1034	204	163	0	1718	133961	12867	8352	1184	39	134	2431	1830	285	99	99	514	466	5563	13786	3574	1403	140
309	1518	3175	2156	1468	1320	2	1426	4459	15165	1797	2827	1112	386	903	2079	8226	2814	67	871	1627	51715	147704	38928	2250	766	180	1217	2330	84	1063	527	1033	1725	3387	10719	2461	2905	1183
97	373	342	345	79	0	0	0	253	623	2	123	431	29	473	776	1070	1280	2	0	103	2622	3974	34194	309	19	0	46	106	0	20	0	246	13	593	575	43	39	30
13640	1778	9723	5842	5252	1080	27	336	460	746	10581	2438	980	113	205	730	2006	416	0	118	9075	1090	350	675	83293	5802	415	113	4631	12	175	73	62	14071	575	3556	3183	508	225
1910	1	1182	0	721	176	0	0	73	32	302	1276	272	16	0	1	144	494	171	0	1482	92	4	431	6438	23610	101	0	5312	0	1	0	1	1152	368	79	964	579	30
29	7	6	3	3	7013	1722	842	893	59	12	5	1	2965	605	272	16	93	7	2390	36	64	0	0	7	11	67190	3585	190	2	6	4746	2301	49	0	857	32	130	0
8887	3228	6097	811	2070	76019	11502	50483	42420	81166	2298	4238	2976	65912	32446	81961	3787	4509	13089	40514	13351	35923	33132	32402	2999	2897	96748	1327528	2021	16952	10997	18840	61755	11498	4768	87475	8190	4179	8902
8925	3019	2845	5913	11289	1784	50	231	104	2272	5887	23576	556	837	642	1124	2873	1356	11	180	1401	4226	1743	1119	6347	9960	942	19	119839	0	59	378	167	7233	5929	8129	7102	787	293
20	313	618	2	397	810	13985	1710	965	658	319	817	50	21449	246	6190	1656	717	6838	2081	179	662	1127	740	309	9	169	3676	17	389774	43026	5633	24830	1068	341	3106	14	166	50513
2	519	78	0	205	330	4005	399	53	210	111	0	286	2851	37	1613	129	181	4937	1214	0	6	164	234	79	24	596	144	80	10599	109343	1362	902	252	110	1289	0	325	4307
7	0	65	14	38	193	13038	5151	1281	213	84	85	0	1383	173	1175	110	0	962	7987	3	0	1	6	0	4	1057	2700	162	2704	1011	90917	2708	21	247	3	0	54	380
0	3	210	10	13	211	466	330	1165	540	2	0	0	5942	36	450	46	8	3	347	94	325	215	203	0	7	749	4576	2	451	64	2609	26104	147	90	1238	20	3	446
636	8	928	1	88	224	12	0	219	403	203	1274	696	0	298	89	2377	366	0	151	915	86	14	0	3816	884	91	0	2123	1	179	0	43	15605	1134	145	1725	19	2
36	55	121	0	1	205	12	62	222	280	299	4751	49	8	2	144	6250	4084	272	0	142	119	1	12	1777	130	5	0	5041	68	509	720	184	7225	60756	939	2924	11841	350
4	44	777	292	79	1104	0	178	1318	3027	626	579	161	3874	0	184	558	453	99	12	233	3294	1001	489	433	0	82	682	1780	38	21	0	1447	769	1291	61931	156	197	1609
2806	44	1017	1147	1035	2262	74	511	112	110	668	118	518	217	202	254	996	1353	1	630	6893	4257	1461	807	2074	3673	242	313	6976	0	0	89	366	4600	5987	2164	86428	237	434
59	57	16	3	671	817	111	13	105	32	171	338	1091	26	43	727	3505	6089	323	2	288	323	592	1329	95	773	7	13	9	49	87	0	3	17	1931	40	1	26968	217
3	2	166	13	331	6	1032	147	2428	660	7	500	472	5242	17	1714	957	228	1969	0	42	424	498	387	532	375	0	680	149	50870	16954	25	4359	574	2178	4493	15	395	145740
