178224	2357	14807	42836	40939	1706	451	81	414	4048	12184	6895	167	1528	407	3860	1812	536	211	643	26323	2339	1609	2609	14675	57851	858	221	13788	317	495	591	693	9039	46	726	14132	753	518
2374	91295	3364	40164	10245	784	2	447	510	2200	35274	2067	11832	596	138	5310	6661	2110	68	555	498	550	2675	2418	2557	1162	388	237	528	172	297	289	357	627	701	734	215	1444	470
28744	2119	42146	14108	10506	1836	157	2009	3033	3857	34754	27972	3636	1444	368	4325	13785	1416	390	1485	18014	4815	6964	1774	24092	11249	1160	898	6938	745	398	2524	1666	22643	3162	3179	10680	584	1940
3881	8911	2063	48001	2960	6	0	94	457	171	6107	601	494	86	0	1959	630	41	5	550	2525	298	71	53	1064	35	19	8	592	94	0	0	91	286	7	211	1381	187	9
40236	5682	9055	24340	88968	1842	1	271	442	2956	7120	3854	5712	465	16	2637	279	348	2	162	2128	275	1054	1769	4103	7585	77	86	1948	228	454	93	11	695	5	252	888	1077	369
1	3	12	0	64	22444	0	3503	444	8	8	0	26	1	875	29	7	15	226	609	168	413	75	190	56	145	4454	1535	2	0	0	320	145	86	17	424	278	114	0
0	0	0	0	0	30	32044	505	54	90	0	4	0	2134	125	451	23	10	3756	3406	0	0	26	55	0	7	108	828	18	4052	3483	3765	993	7	237	2	3	56	227
0	34	7	17	0	1806	570	20576	1103	447	18	15	12	167	3428	1327	112	228	3240	1214	5	165	408	186	63	2	615	1926	178	41	112	5413	1147	2	6	292	84	266	576
7	20	115	64	42	5181	161	5409	19139	6139	60	269	177	449	2749	588	1241	328	1108	771	478	2280	2853	911	116	8	1487	4204	136	341	293	1295	9508	408	183	3991	327	619	1720
260	242	222	267	963	0	95	812	697	22899	844	922	1062	333	2	5	812	1680	208	1	241	388	1682	261	65	836	0	412	331	15	147	0	327	1044	538	645	0	385	409
4935	28177	10142	16523	3381	1751	47	817	1277	2816	103643	12352	23089	488	615	1286	16375	1978	326	564	3254	988	3260	951	7515	2693	219	255	3201	1114	480	710	678	6893	1063	682	2769	3021	899
2808	3771	9952	5289	5016	1490	582	1091	1272	5862	15717	165976	3704	687	374	3919	18345	2532	855	321	7614	1442	8870	1998	11332	6101	757	1646	24236	813	627	817	547	29150	10253	2273	4927	2017	2108
186	11389	3181	2687	4211	564	581	335	681	2050	37185	3238	106222	337	105	1076	15485	22728	101	144	655	896	979	9911	1813	2579	307	380	2075	283	706	828	95	5366	3374	101	503	2486	677
189	300	161	183	53	656	768	2508	2768	1236	107	215	0	142320	569	4115	58	198	820	2225	1023	824	998	607	0	5	4054	5741	304	1872	1467	648	32586	89	210	5768	79	758	3447
0	0	28	3	0	911	19	2922	65	120	0	527	2	0	17462	121	49	7	1286	4067	2	38	1	145	0	8	436	314	335	3	0	377	157	19	1	5	4	773	123
770	52	777	693	260	1193	222	1018	224	249	351	659	397	1843	663	47961	460	1891	381	2269	417	533	648	2027	91	490	1777	6575	43	1375	1148	2294	680	129	250	15	195	1577	443
113	11027	19016	3584	2763	2331	360	3630	5162	9166	26957	47631	18993	2134	1418	11002	150666	58454	717	2024	9723	6796	19787	17238	5825	6893	657	1290	7815	2300	2110	2575	3059	33131	22427	3099	7129	16767	6097
120	698	2301	296	448	1267	709	729	1745	3434	2772	6829	9545	271	497	2047	22037	190941	507	98	2166	1745	3720	18046	930	7236	253	520	2548	301	798	189	519	5496	14462	308	1097	30966	1010
0	0	4	0	0	329	3978	2983	63	58	0	0	0	208	555	1134	133	42	25369	1767	0	0	58	16	0	125	302	833	31	626	1022	1862	160	0	0	282	0	85	972
141	106	20	8	9	965	3763	1179	697	29	5	0	49	1806	9575	671	36	1	1007	91372	279	109	94	30	0	152	4418	3679	31	122	143	11480	3586	83	15	0	166	351	33
16673	366	4926	15785	827	2194	1	539	1272	1677	4283	3702	798	618	946	1547	3465	2380	0	535	121748	9991	6777	5384	29467	16452	894	1002	6378	214	17	377	508	15281	2964	3700	24896	2518	341
335	329	1016	1100	405	3482	0	759	2543	887	559	1337	304	645	658	2615	1021	710	91	5	4470	106940	40032	14010	1441	25	217	1376	495	175	0	147	615	559	1665	6678	2743	3375	387
534	1162	1566	1812	788	1470	166	2729	3549	11737	1643	3206	677	671	537	3059	4999	3330	361	229	3014	34886	162074	55828	1534	2110	2	1645	588	241	725	625	871	2119	1088	5605	876	4928	900
178	1	55	152	99	0	0	45	135	103	7	103	115	16	283	226	196	1774	188	0	339	1532	4528	37890	88	124	0	17	58	1	18	0	10	2	308	11	61	399	168
12284	1476	5658	7680	1536	825	41	366	1295	605	10761	11995	688	279	457	477	1936	457	1	55	29165	916	1450	646	61297	13458	122	156	2303	28	79	64	14	11294	362	959	1505	1002	663
514	3	325	57	174	150	0	8	47	241	761	2250	750	0	2	16	497	1249	163	0	3114	110	106	1130	4469	25367	48	10	2720	0	51	0	0	1021	33	9	1859	58	103
73	12	11	6	1	8768	423	2156	426	54	6	107	11	2233	847	317	71	20	163	3387	67	105	1	0	74	318	64715	3424	262	3	0	4045	3466	188	8	239	53	89	0
773	736	1304	1441	1666	80800	5249	63112	65743	71926	1188	4322	1607	67903	39347	50162	1730	6495	7577	46551	4642	44186	35802	41285	1410	912	32809	1322009	546	7732	5152	10351	218049	1828	846	34442	5340	17839	10158
15294	1325	3209	7971	5766	1854	69	320	678	3084	9847	41315	522	1223	624	1609	2362	1291	55	296	8448	6126	3061	1916	5718	21620	777	444	70187	138	108	502	335	12417	4819	6529	6352	632	304
44	294	468	35	245	498	12984	2710	6161	1051	318	731	57	30937	1209	6260	970	1129	10467	4931	332	304	2473	1593	83	84	1011	4489	9	303343	45425	10414	34103	567	284	1427	19	356	97385
15	497	5	20	120	526	7971	250	772	527	180	39	85	6048	86	2755	100	558	9567	1814	0	10	479	613	90	54	385	1246	20	10743	89426	547	927	155	55	229	2	562	9498
19	25	53	6	13	943	6437	14753	1813	330	2	10	7	1370	2435	535	61	4	2531	11453	57	0	70	0	0	11	1941	2372	149	2242	796	75999	6556	112	132	11	52	26	611
0	0	15	137	0	198	257	772	1008	132	0	2	0	6132	223	571	111	30	29	657	134	345	392	433	0	0	1381	2868	1	505	115	1561	28293	168	1	267	47	7	333
996	23	1169	13	52	146	0	2	104	568	582	2838	492	14	252	177	1038	932	0	73	1397	205	216	125	1797	1143	27	54	2670	9	168	26	7	14653	1265	62	1221	134	105
65	609	333	9	0	254	127	79	184	262	428	4817	162	186	7	599	8563	11770	194	4	3354	651	745	2538	2139	524	1	1	2656	72	281	922	77	5357	46946	950	3383	9847	500
83	9	270	640	18	2361	0	500	8516	5126	301	1451	17	5423	54	535	599	938	431	0	1208	4576	2804	784	252	0	106	882	336	212	0	1	2678	707	409	44446	103	101	1945
1605	13	852	1105	187	2108	1	201	400	94	1002	242	27	354	422	787	455	1742	94	451	11611	5035	1369	7138	1628	4250	448	391	1901	0	2	32	207	4472	1838	2199	85822	369	222
0	46	216	9	287	453	48	67	210	64	495	144	718	99	40	225	1949	8972	387	326	167	1328	1347	1682	127	944	12	32	62	52	58	14	70	124	1464	8	5	24477	213
0	1	55	157	103	6	1328	155	5701	2004	1	966	56	8175	15	2856	150	1291	3849	4	202	430	1844	1265	44	303	2	1944	0	36102	16599	188	8892	218	864	2378	119	940	145377
