166375	3070	19964	35808	44754	1218	576	25	571	8248	9513	5114	1351	1013	368	3100	2585	40	257	780	32859	1220	752	2293	28663	50981	606	309	12251	346	754	388	896	14052	46	1005	8281	734	523
2896	89358	4450	33466	9414	753	1	114	752	3401	33638	1730	16853	373	419	6568	9046	2161	0	461	997	370	1047	724	2014	2496	272	199	745	63	832	272	156	2204	699	909	7	2023	432
19796	2256	64374	8970	9911	2009	956	1021	3736	8872	21306	10791	5661	327	380	3176	20812	571	414	1938	25848	4049	5571	943	33539	12441	1061	697	6775	1961	222	1733	935	19508	5503	4412	6262	563	2215
6457	8389	2768	40471	4011	157	0	107	107	557	7185	580	196	35	0	2797	1405	22	0	307	3614	114	48	22	1733	126	28	65	305	107	0	0	65	893	0	120	666	444	47
39166	6489	16611	14810	90437	1539	9	116	146	3137	4738	192	7497	270	37	3288	1138	136	0	161	2732	341	412	981	9245	6404	15	121	2118	354	168	167	19	1416	9	378	408	1830	450
33	0	52	8	3	24162	173	1856	642	0	82	7	125	2	240	230	83	28	236	455	154	651	202	42	13	109	3426	2095	12	0	0	450	77	135	62	154	571	124	3
0	0	0	0	0	24	36654	499	68	61	0	26	0	853	562	41	9	0	6390	761	0	0	70	0	0	0	291	795	11	2298	4008	2300	466	13	33	1	0	238	27
0	0	25	2	0	2287	332	19024	1694	333	38	24	103	12	5233	889	270	18	2272	583	36	142	403	62	0	2	576	2001	65	13	194	7673	772	11	43	340	8	153	175
1	0	552	359	194	7216	64	3163	22946	5017	185	317	202	221	1373	971	1527	115	376	90	193	3065	1486	244	320	33	2135	5622	48	1598	21	1824	4139	68	451	5337	688	886	2128
157	234	183	129	888	14	11	469	894	26111	720	370	1181	16	11	83	1063	2109	151	0	287	82	667	136	236	67	0	490	209	7	25	4	249	825	354	860	22	575	163
3972	21915	17798	9790	3458	1349	25	330	1427	4682	92274	8400	28111	497	529	1549	26485	1940	328	472	4686	855	1814	396	13964	3536	344	470	3604	1074	218	826	736	5480	885	1428	1403	3706	471
3724	1442	11328	3278	3292	1347	993	620	1295	7673	7628	173942	4304	546	676	4551	21291	1789	376	99	5597	2032	4607	540	9418	9229	690	2064	36143	551	1439	472	766	21497	8151	3286	4173	4210	2032
48	7252	4467	1799	2013	377	549	111	405	2182	31154	2739	123318	215	283	1256	20201	19295	153	306	1482	959	347	2981	1358	2420	266	722	1407	348	1090	1077	270	4953	2780	710	591	4153	463
81	241	121	16	56	568	1310	2543	2358	2129	107	262	4	122743	765	3622	249	320	607	280	784	708	540	1331	6	20	3884	8233	367	4989	3528	311	36152	173	34	16898	27	1273	2289
1	0	18	3	1	1385	6	1678	23	32	0	484	2	0	20434	139	22	4	413	2420	0	44	42	113	0	0	326	354	423	1	0	280	138	12	0	9	1	1173	349
297	317	887	262	250	512	1645	1509	161	299	4	625	465	667	802	48891	541	1418	373	1934	806	73	610	2260	418	473	1067	7721	126	486	1786	2287	247	25	86	305	170	1620	615
684	6441	19168	1749	2159	1504	918	2151	5729	14162	20765	30093	29779	763	2175	12087	189867	45313	946	1819	10247	4508	16125	7538	6888	10002	497	1605	5679	3624	2900	1948	2592	30218	21217	4785	5650	21419	6152
51	664	1012	300	165	908	653	320	1426	2697	1164	5780	14429	47	722	3381	32259	172071	190	149	2728	1005	1462	10762	551	9614	227	527	3382	615	1101	143	478	3353	12832	842	1212	49540	839
0	0	0	0	0	215	5761	1977	170	0	0	0	0	7	980	552	16	0	25607	90	0	0	63	45	0	1	59	1474	0	791	2847	706	193	0	10	163	0	222	1048
22	49	125	54	1	732	3625	1389	874	4	6	33	75	839	6380	1424	100	0	1701	93947	365	5	83	0	39	111	5406	5674	107	404	1607	8534	1495	83	1	33	182	699	2
12321	412	7033	11933	1153	1781	92	403	2339	2238	1752	2305	1177	211	1205	2034	5865	1223	0	206	144848	5626	5503	3315	32342	14260	800	482	3496	420	111	586	257	12485	4689	3001	21655	1572	312
203	322	888	454	318	3065	13	224	3222	2208	142	926	286	104	550	2309	1161	309	0	4	4093	123065	27929	9199	1469	22	256	2750	1253	199	138	225	401	81	951	7786	4942	2438	246
308	1741	2189	925	698	1288	97	1160	5476	19303	1149	1798	859	115	671	4431	7650	3286	35	394	3274	42152	153065	42397	1170	915	4	3925	1477	190	1217	292	629	1267	1528	6112	3282	6360	1055
68	8	79	167	202	0	0	0	61	141	0	271	528	13	146	809	358	2009	3	0	267	2474	3497	36321	128	1	0	237	0	6	12	0	104	1	326	143	192	628	30
7655	293	9036	5333	612	842	50	215	657	1137	9162	4633	1465	14	317	354	2821	758	0	73	31561	1250	489	183	71479	13416	39	251	2411	116	240	33	50	11562	747	1886	1970	996	249
1264	0	140	7	6	287	0	1	80	317	369	1135	1029	2	0	79	647	1209	231	0	4356	76	44	981	4106	26425	21	6	1722	0	22	0	0	1390	72	4	803	575	9
0	0	53	0	0	9097	1015	1835	705	4	11	17	6	1780	264	186	80	89	95	1920	310	8	2	0	6	88	68747	3642	224	10	58	2752	2384	58	0	433	0	270	0
397	608	818	562	803	74638	7518	53322	44815	71429	369	4059	1854	34326	38529	46460	2142	4739	5447	26878	6194	20004	33253	36308	1263	879	29069	1583879	1029	20944	11290	23870	62664	445	675	37209	10934	5069	10279
13042	900	5465	5323	6323	1988	31	105	384	6494	8474	36862	1331	515	607	1163	2450	726	106	133	5063	3402	2428	1832	5893	17683	642	239	81405	3	389	611	534	9883	4771	6413	13149	2374	11
7	343	198	62	305	1097	19409	2660	2741	1596	284	387	151	8762	503	8132	1685	725	10084	2523	331	458	1388	1345	109	26	719	4759	2	355935	52042	5679	17656	192	134	2197	67	448	80059
0	401	0	0	115	462	9169	93	196	494	61	2	329	1385	16	2390	178	110	8411	1560	1	4	27	502	36	13	1078	376	3	11002	99990	1112	1029	19	23	1202	37	406	4744
0	8	132	1	2	345	13039	7477	1736	232	4	43	18	496	1435	576	223	0	1563	7966	11	4	23	0	0	58	2327	2870	164	3364	832	83235	5007	20	140	65	19	34	468
1	0	12	133	0	408	202	287	1756	580	0	9	0	3117	93	1102	135	1	0	112	90	332	262	320	0	0	1341	5954	0	1115	49	2050	26302	47	0	795	13	4	503
129	0	638	5	0	39	18	0	136	1465	339	1029	727	0	319	177	2476	785	0	100	3397	61	63	0	2082	1308	136	12	381	0	189	6	18	14700	2183	137	1621	60	19
9	204	149	3	0	120	24	105	541	745	129	3445	319	22	0	1932	8736	8882	465	0	1975	734	227	2387	1218	719	62	28	3758	234	579	737	91	4875	45655	1147	6757	11968	615
53	3	368	296	0	2135	0	178	3716	3162	147	797	15	1245	72	713	528	1008	316	0	1007	3621	1874	737	200	0	89	2040	529	138	9	0	1233	279	216	58623	1145	235	2095
3100	165	733	1163	189	1185	49	325	505	322	303	121	282	290	482	604	981	1826	2	489	15230	2282	1250	2573	1334	4887	82	301	1794	0	2	12	223	4872	1767	1559	89245	250	297
0	0	25	35	247	462	166	36	103	188	365	325	1242	24	18	1387	3259	5367	316	80	235	105	241	1787	85	864	82	16	3	76	569	3	66	195	1382	3	14	27279	291
0	1	5	67	46	29	1166	671	3146	1594	27	460	409	1709	106	3353	462	487	3360	12	224	329	831	459	535	416	0	1424	72	45210	19617	69	5582	155	592	4811	385	580	146183
