153337	2738	22788	44192	54535	1229	213	275	248	4216	6893	7154	770	750	406	4493	1454	36	245	1236	15706	1363	2372	2096	39963	44024	1157	586	13997	310	736	434	680	17575	780	300	10542	1347	513
3304	78547	4485	28795	24195	486	2	120	389	4678	33352	2624	14749	175	360	4109	8677	4732	0	420	381	494	2445	1339	2827	1450	884	58	1047	77	257	239	513	2264	545	339	17	2474	466
22864	2547	64287	7908	14551	1551	559	1218	1951	4534	18351	11584	3990	425	145	1172	19577	713	260	1593	16489	2606	5622	986	45228	7908	2444	933	8289	1203	270	1725	2280	28673	6437	2142	5337	503	2660
4567	7593	3048	38154	10357	191	0	35	41	391	6553	294	398	10	0	1188	1691	7	0	292	3354	314	126	26	2928	226	82	64	337	91	0	2	91	949	168	68	129	146	37
34799	3492	13008	15393	102867	1409	0	280	149	2227	2400	597	6090	276	3	1588	1202	521	15	68	504	176	390	459	10239	10779	167	173	2570	202	3	134	170	1921	52	240	350	2219	353
128	17	24	7	31	21042	121	1681	1129	3	0	116	3	56	607	4	0	46	168	628	73	371	7	15	0	1	7301	867	102	0	0	758	8	158	6	438	657	119	5
0	0	0	0	0	3	33579	339	13	4	0	83	0	904	28	198	1	0	8433	311	0	0	36	0	0	0	55	807	30	2417	4228	3845	576	25	40	24	0	264	256
7	1	12	14	0	2166	466	15308	1735	543	7	145	7	180	3952	768	283	221	2377	2197	102	58	207	102	44	0	2219	2071	108	33	161	8258	890	32	38	826	78	172	20
30	72	660	249	287	7224	148	3751	17790	5446	83	212	294	1131	878	214	1314	95	994	376	309	1020	2947	230	430	140	4534	2749	14	1141	82	865	7838	449	1036	6833	556	469	2285
150	314	335	219	1095	1	116	564	196	24430	404	982	817	38	46	21	861	1549	291	0	77	95	1238	550	258	865	0	44	140	8	120	0	325	827	1137	1018	0	827	94
4784	21293	15668	8847	7746	1283	2	571	570	4985	73855	10637	35590	204	504	1515	24301	876	336	199	1926	535	2876	335	16715	2564	1486	295	5092	520	285	549	856	13358	1214	920	987	5963	985
3407	2420	11282	2528	6721	861	324	640	843	4586	5232	181335	3560	276	479	3483	24167	989	615	96	2444	1701	4239	683	9593	4702	1233	2327	31501	226	1105	503	332	24153	17392	2646	2616	3723	2128
259	12658	4762	1135	5339	665	329	124	195	4717	20323	2383	98808	192	72	818	19356	33839	116	216	563	535	1758	2126	1501	7098	428	607	1942	204	248	567	116	11084	4629	237	532	5448	571
138	355	282	53	88	305	1638	1676	1353	2783	13	807	0	129062	789	3347	71	266	1221	961	1073	512	880	582	26	87	3147	6913	110	4691	1247	1402	41594	115	403	8139	198	1128	2474
0	0	97	0	0	1153	53	1827	357	73	0	794	0	15	14839	48	62	0	939	6772	3	6	71	0	0	0	832	341	204	8	0	185	192	91	1	0	0	1089	278
314	26	872	280	878	668	958	643	324	412	36	204	414	2006	723	41425	1132	1818	209	2896	880	354	2076	1591	276	142	6309	4289	204	825	664	2728	708	13	186	678	54	3926	899
305	6970	24929	1686	5199	1770	326	3411	4663	14097	18419	21418	21073	1216	1450	4358	170691	61752	590	1334	11561	3310	13573	6149	8446	10471	1635	1569	5559	2231	1725	1400	2361	37436	45069	4414	2711	20712	5877
105	964	2967	12	199	1010	166	733	1297	5071	1292	4694	7838	21	620	893	22487	176593	251	35	3222	768	2399	5322	1439	7930	316	362	2690	791	586	121	174	4748	30677	303	641	49236	628
0	0	0	0	0	52	7442	1522	73	43	0	5	0	88	775	2263	49	0	24294	169	0	0	21	2	0	0	106	533	2	258	1366	2163	24	1	79	313	0	200	1154
145	102	2	8	0	435	5475	1952	304	33	44	138	32	2196	6754	1827	152	0	1874	91065	74	1	9	20	0	17	7870	3134	180	174	212	9487	1105	263	40	27	390	610	59
12954	616	12982	14484	1174	1537	2	397	1472	1784	1364	2500	857	550	835	2672	3959	1305	0	509	109309	4797	2771	3573	45777	9183	949	572	2216	373	102	523	547	28224	9553	3677	25523	1449	372
149	129	2697	685	247	5293	0	708	1769	1699	272	838	174	66	772	866	1037	725	19	43	4892	92860	45472	13328	1418	384	181	3764	955	4	23	172	199	205	5302	6641	7658	2264	241
208	641	4015	1315	1170	3617	33	1836	3196	9513	772	3299	624	121	920	964	6635	3906	126	181	3745	39776	160939	34728	2124	1721	322	4017	1657	73	951	199	862	1737	6165	4608	10328	5665	1175
64	93	95	9	237	26	3	99	58	352	0	70	201	88	275	333	344	3402	0	0	241	1200	10451	27512	851	136	1	280	85	36	4	0	5	15	536	37	1476	337	278
8347	1404	9235	5975	1815	706	3	277	428	732	8976	4332	1228	34	155	1011	3329	480	0	51	21741	834	1405	717	72707	10690	153	61	2103	45	190	0	40	17552	2010	1681	3270	343	295
483	0	1424	1	17	122	0	58	88	215	209	592	425	0	22	2	1581	1111	120	0	2763	44	170	808	7964	21290	3	0	1150	0	46	0	0	4116	200	5	1861	432	93
114	43	15	9	0	3875	1139	459	1452	35	0	59	3	2634	175	783	23	9	816	2528	102	165	12	1	0	46	69445	1793	258	12	0	7803	1623	190	118	298	46	46	20
505	980	2024	1273	1046	93990	7418	52574	231904	108256	448	6323	1047	54868	48158	55245	2616	8593	4586	53310	3991	18583	63140	24316	1585	2702	71228	1196542	1759	7341	5486	16422	86241	826	1468	37810	18728	7075	14563
12963	2554	5115	5248	9806	1083	20	164	62	2830	5987	42697	1618	443	246	1079	2685	764	42	149	5436	2980	2192	1089	11643	13585	862	590	77221	79	232	473	292	12018	8485	6514	9500	257	144
15	159	471	77	302	182	19262	2979	1022	1422	110	496	173	11260	517	2319	1065	911	16303	1767	275	91	1588	502	44	295	832	6927	20	296196	24434	8185	25615	186	409	1590	4	383	156812
0	334	63	0	222	28	14202	307	28	891	55	52	113	2436	87	1209	42	390	10157	763	0	0	66	116	56	281	891	617	23	13629	87161	1298	1007	65	106	353	0	347	9581
21	0	105	4	0	638	7751	4962	2012	298	5	314	28	1160	1747	1237	213	1	3567	8405	64	7	33	0	0	0	3745	2106	162	1930	1064	86531	3444	3	384	106	4	140	1746
0	0	90	173	11	160	117	280	2158	765	0	6	0	3322	389	786	142	368	18	294	151	39	587	124	12	50	1620	4844	0	974	23	2448	24127	219	6	628	5	0	2189
28	259	1586	1	24	168	0	48	85	1224	1683	1187	553	9	194	21	2072	737	0	73	1392	1	192	0	2579	661	152	0	724	0	177	0	65	13377	3562	249	1530	113	29
13	14	568	0	0	173	0	69	50	422	145	4985	50	0	0	347	8614	8173	152	9	3951	35	1131	21	1873	17	3	6	1459	45	241	736	72	5317	54311	996	2790	12102	706
35	0	1033	474	0	2482	0	1193	2331	5132	146	1395	9	2884	49	834	670	1138	330	242	1786	3764	3690	908	1067	0	500	1776	160	7	35	9	4781	315	1078	45408	533	75	2553
2495	540	2020	1036	636	1088	25	270	506	227	96	306	327	455	313	219	897	1473	42	485	15719	1558	1442	1914	3950	2869	1005	126	1838	0	2	40	239	12994	6030	2682	74580	226	406
0	43	41	1	13	280	1	420	111	49	426	403	753	44	76	358	3002	5120	504	8	306	82	872	335	5	1498	127	8	15	52	63	3	29	166	1730	57	109	29631	200
0	0	172	11	186	9	726	612	1376	1390	0	467	85	2346	27	1275	902	924	9676	1	293	49	1060	182	536	196	2	2255	66	34978	8296	195	6594	161	1849	2756	14	876	164041
