194903	5069	17681	35244	48670	1805	355	125	813	4920	4332	2887	536	803	587	6845	2328	105	284	1567	26538	1693	1019	1355	15101	45676	671	364	12745	386	864	639	2128	6351	280	499	13875	1046	600
2520	109631	4491	28056	13847	854	5	119	885	2868	21987	1088	9846	367	534	7793	8989	3040	0	771	891	688	2052	1856	749	1058	499	92	967	91	269	339	372	990	359	428	532	2003	389
26983	5461	65193	13094	18437	2362	362	1801	3707	7553	23052	10012	3436	500	773	3676	18581	1765	530	2124	20790	5786	6280	1043	21886	7364	1769	1077	8395	1496	406	1954	2060	9090	4250	3601	12927	381	1558
6635	10724	2518	43762	3295	232	0	91	68	422	3906	184	8	55	0	3228	1490	8	1	109	3414	55	125	16	528	46	48	114	565	127	5	1	83	753	0	20	1018	281	13
46714	7672	10912	18081	99592	2039	19	338	105	3668	2109	453	2181	412	105	4044	873	419	1	190	946	437	738	121	2347	4447	241	66	1714	417	218	183	32	372	34	608	1589	2550	498
0	4	46	12	2	24344	203	1160	558	0	25	8	0	9	1835	186	2	2	85	354	97	543	132	0	31	37	2963	3036	21	0	0	109	0	10	0	294	588	1	0
0	0	0	0	0	1	40302	676	103	124	0	24	0	1705	603	20	20	0	2539	1141	0	0	70	0	0	1	147	640	165	1433	2966	3219	255	1	76	0	0	226	42
0	4	3	4	0	2237	418	18759	1593	479	6	49	0	22	6899	923	295	62	2945	95	91	180	294	1	0	0	752	2108	142	15	20	6315	256	0	0	597	15	59	170
301	13	279	260	79	7906	146	3900	20072	4999	392	239	142	777	2042	876	1128	196	303	83	427	2985	1715	593	105	346	2032	6247	66	1185	178	1164	5047	126	315	6089	542	671	1209
380	477	573	177	1140	20	0	940	465	26012	496	249	957	155	29	2	668	1232	194	1	543	180	1251	260	22	278	0	92	244	0	91	0	141	465	615	1138	14	434	117
6907	43711	14481	18722	4831	2165	50	508	1541	6021	75445	3733	19118	485	594	1634	23646	3278	433	419	5122	994	3159	888	7419	3407	730	103	5452	1335	397	566	1165	3569	1110	973	3396	3155	565
3735	4203	17306	4405	9505	1280	835	1291	738	8250	7594	142143	1739	480	684	4790	25550	3657	901	259	7353	3092	5671	933	11199	8584	1154	2094	42712	684	1431	583	1119	11430	12950	3058	8304	3800	1595
147	16681	4596	2058	6274	705	450	176	962	3688	30922	959	105440	283	259	2137	17401	23888	149	278	1115	1520	532	2537	1037	5850	324	139	1992	313	692	748	37	3331	1879	312	1827	4429	433
183	360	92	11	31	790	1053	3051	2468	800	15	378	0	139602	599	5675	252	286	604	154	746	1389	709	534	3	52	5523	5271	380	3349	1742	637	26869	76	83	12886	61	1516	1699
6	0	5	1	0	967	0	2231	397	21	0	415	0	0	20738	12	89	3	854	2102	4	36	4	8	4	0	779	242	147	0	0	356	262	0	0	5	10	603	29
319	106	203	119	24	659	678	1702	2732	153	114	151	274	780	1167	50620	325	1630	392	1165	346	475	938	1933	74	60	3084	4699	121	310	1782	2397	454	66	569	115	389	1578	337
771	6015	20364	1858	4260	2550	603	3718	6523	16176	24496	22277	19114	1262	1991	9661	163957	74469	877	1838	13487	6589	13534	9225	5856	8566	1508	1007	9241	2967	1895	1990	3611	22134	28404	4222	9119	22134	3597
494	1698	2120	179	927	1949	391	706	1717	3753	1811	3356	7283	166	473	2427	18809	202319	150	114	3257	1560	1513	7611	532	9432	306	208	3705	545	594	228	357	3025	15321	935	2722	36532	376
0	0	0	0	0	282	6180	2441	115	48	0	0	0	96	1716	487	27	0	25207	543	0	1	21	35	0	6	141	1650	1	824	1765	561	116	9	67	344	0	223	91
10	9	5	10	2	780	3888	946	1069	18	33	11	89	3012	11679	1924	15	0	681	88203	94	84	180	30	1	104	6432	5613	94	190	1133	7822	1121	34	2	8	78	806	0
17416	1040	7337	13227	2054	2443	20	649	1248	1778	1201	1843	838	241	1070	5402	4111	3421	0	410	131150	8992	3281	3141	23525	14279	998	454	4884	375	162	610	1522	8646	5977	3246	33313	1056	83
461	294	673	359	346	5836	0	1243	3161	685	208	952	129	331	753	1620	751	405	33	5	4497	125518	21991	7411	945	38	278	3152	624	235	79	179	629	104	1747	9449	6534	2138	358
590	1660	2474	1641	1207	1333	126	3067	4093	11661	1344	2097	642	319	2219	3104	4865	3878	154	468	4276	43931	157033	41405	1681	1440	3	3116	1307	299	998	486	1851	521	2551	6110	3901	5058	975
172	18	133	339	528	0	0	38	192	87	0	199	427	14	660	1395	370	2010	78	0	82	2222	3119	35682	193	99	0	180	0	0	1	0	221	0	279	20	87	373	12
10320	2014	10438	8989	2240	1236	45	314	1083	1357	7753	3937	421	289	411	3025	2262	1095	0	97	32433	935	728	762	61174	12500	150	107	2775	86	226	17	270	6085	236	1821	5152	1133	439
1209	15	1209	14	196	362	0	0	53	97	439	720	281	0	0	82	289	304	225	0	3048	128	49	613	4845	28373	19	0	2625	0	13	0	1	255	8	58	1004	853	28
0	0	51	0	0	9524	1134	758	1387	21	8	34	5	3358	1481	211	137	69	60	1529	121	147	19	0	6	101	65190	4764	70	1	0	2847	2286	41	0	721	4	63	1
1084	969	1079	487	1216	79793	14489	63601	53887	88932	1448	3876	3079	92428	55147	58526	1989	5599	7017	95604	5577	21865	29921	26594	1256	1036	34374	1359487	1193	12838	9264	32146	77481	1115	1716	42196	13548	5315	7798
19579	3365	6680	7947	7380	1446	20	507	635	3660	5436	25214	1821	554	718	2134	2233	2148	254	397	8134	6512	1792	1113	4026	14944	1084	636	86707	204	339	333	298	6561	5195	7052	11361	709	19
14	418	583	1	101	747	22684	2907	4600	1720	480	650	255	14910	811	8275	1497	1090	11044	3890	303	629	1646	1173	33	6	653	5712	0	343990	62970	7903	30521	469	465	1033	143	446	50428
59	412	43	0	48	738	17742	180	350	1000	206	3	336	2900	95	2035	91	217	7174	1394	0	34	141	151	3	26	1155	525	109	7592	94704	1070	926	146	194	461	2	878	3836
0	9	66	0	1	537	10108	11433	3010	182	0	32	8	1044	5281	895	89	49	1462	7154	16	6	9	36	0	8	2682	3854	157	3208	923	77184	3997	52	162	48	42	70	123
38	0	41	6	0	641	477	353	2203	350	0	60	0	4151	559	896	129	55	17	158	145	243	309	541	0	0	1785	4739	1	1176	20	1975	24698	54	0	829	92	0	384
272	7	2129	0	9	406	22	0	264	901	306	1461	498	0	352	46	1067	1525	15	128	3452	186	144	0	2590	1176	91	62	1769	0	274	10	32	10040	2340	166	2914	101	0
26	5	305	0	2	195	62	80	129	644	29	4127	214	24	59	368	4141	12656	170	0	2153	562	328	344	1796	511	115	0	3798	48	434	830	9	3676	56788	761	4073	9880	254
22	63	511	393	2	1927	0	310	1018	3084	394	1125	6	3271	90	1177	541	757	315	0	1298	3827	1828	500	86	1	466	1946	570	363	15	0	2764	149	497	57532	870	88	1016
1627	182	637	759	333	2351	33	407	666	180	180	234	550	298	688	350	617	1727	35	590	8864	2798	1013	772	1043	4690	291	522	2039	0	0	40	185	1879	4241	2279	97425	241	310
135	0	108	53	122	278	186	75	199	302	152	54	804	64	24	392	2047	7390	318	20	243	220	256	914	23	585	67	26	52	6	85	3	17	88	2477	22	231	28732	171
1	30	106	50	181	48	1186	416	4304	1530	1	529	460	3559	178	3786	643	552	5646	0	427	565	960	635	497	391	0	2334	228	54417	19371	123	5719	43	1995	5607	313	503	127250
